Label,0,1,2,3,4,5,6,7,8,9,10,11,12,13,14,15,16,17,18,19,20,21,22,23,24,25,26,27,28,29,30,31,32,33,34,35,36,37,38,39,40,41,42,43,44,45,46,47,48,49,50,51,52,53,54,55,56,57,58,59,60,61,62,63,64,65,66,67,68,69,70,71,72,73,74,75,76,77,78,79,80,81,82,83,84,85,86,87,88,89,90,91,92,93,94,95,96,97,98,99,100,101,102,103,104,105,106,107,108,109,110,111,112,113,114,115,116,117,118,119,120,121,122,123,124,125,126,127,128,129
3,0,1584382,0,45,906072,1010911,893559,1064874,955479,429515,670191,51,0,0,1584382,0,44,906072,1010911,893559,1064874,955479,429515,670191,51,0,0,1584382,0,44,906072,1010911,893559,1064874,955479,429515,670191,51,0,0,1584382,0,-1723,906072,1010911,893559,1064874,955479,429515,670191,51,0,0,1584382,0,2047,906072,1010911,893559,1064874,955479,429515,670191,51,0,0,1584382,0,1161,906072,1010911,893559,1064874,955479,429515,670191,51,0,0,1584382,0,-37,906072,1010911,893559,1064874,955479,429515,670191,51,0,0,1014643,0,-2048,1358815,322986,155404,73684,186574,43638,51143,51,0,0,1014643,0,998,1358815,322986,155404,73684,186574,43638,51143,51,0,0,1014643,0,148,1358815,322986,155404,73684,186574,43638,51143,51,0
3,0,1584382,0,44,906072,1010911,893559,1064874,955479,429515,670191,51,0,0,1584382,0,44,906072,1010911,893559,1064874,955479,429515,670191,51,0,0,1584382,0,-1723,906072,1010911,893559,1064874,955479,429515,670191,51,0,0,1584382,0,2047,906072,1010911,893559,1064874,955479,429515,670191,51,0,0,1584382,0,1161,906072,1010911,893559,1064874,955479,429515,670191,51,0,0,1584382,0,-37,906072,1010911,893559,1064874,955479,429515,670191,51,0,0,1014643,0,-2048,1358815,322986,155404,73684,186574,43638,51143,51,0,0,1014643,0,998,1358815,322986,155404,73684,186574,43638,51143,51,0,0,1014643,0,148,1358815,322986,155404,73684,186574,43638,51143,51,0,0,1014643,0,59,1358815,322986,155404,73684,186574,43638,51143,51,0
3,0,1584382,0,44,906072,1010911,893559,1064874,955479,429515,670191,51,0,0,1584382,0,-1723,906072,1010911,893559,1064874,955479,429515,670191,51,0,0,1584382,0,2047,906072,1010911,893559,1064874,955479,429515,670191,51,0,0,1584382,0,1161,906072,1010911,893559,1064874,955479,429515,670191,51,0,0,1584382,0,-37,906072,1010911,893559,1064874,955479,429515,670191,51,0,0,1014643,0,-2048,1358815,322986,155404,73684,186574,43638,51143,51,0,0,1014643,0,998,1358815,322986,155404,73684,186574,43638,51143,51,0,0,1014643,0,148,1358815,322986,155404,73684,186574,43638,51143,51,0,0,1014643,0,59,1358815,322986,155404,73684,186574,43638,51143,51,0,0,1014643,0,49,1358815,322986,155404,73684,186574,43638,51143,51,0
3,0,1584382,0,-1723,906072,1010911,893559,1064874,955479,429515,670191,51,0,0,1584382,0,2047,906072,1010911,893559,1064874,955479,429515,670191,51,0,0,1584382,0,1161,906072,1010911,893559,1064874,955479,429515,670191,51,0,0,1584382,0,-37,906072,1010911,893559,1064874,955479,429515,670191,51,0,0,1014643,0,-2048,1358815,322986,155404,73684,186574,43638,51143,51,0,0,1014643,0,998,1358815,322986,155404,73684,186574,43638,51143,51,0,0,1014643,0,148,1358815,322986,155404,73684,186574,43638,51143,51,0,0,1014643,0,59,1358815,322986,155404,73684,186574,43638,51143,51,0,0,1014643,0,49,1358815,322986,155404,73684,186574,43638,51143,51,0,0,1014643,0,45,1358815,322986,155404,73684,186574,43638,51143,51,0
3,0,1584382,0,2047,906072,1010911,893559,1064874,955479,429515,670191,51,0,0,1584382,0,1161,906072,1010911,893559,1064874,955479,429515,670191,51,0,0,1584382,0,-37,906072,1010911,893559,1064874,955479,429515,670191,51,0,0,1014643,0,-2048,1358815,322986,155404,73684,186574,43638,51143,51,0,0,1014643,0,998,1358815,322986,155404,73684,186574,43638,51143,51,0,0,1014643,0,148,1358815,322986,155404,73684,186574,43638,51143,51,0,0,1014643,0,59,1358815,322986,155404,73684,186574,43638,51143,51,0,0,1014643,0,49,1358815,322986,155404,73684,186574,43638,51143,51,0,0,1014643,0,45,1358815,322986,155404,73684,186574,43638,51143,51,0,0,1014643,0,44,1358815,322986,155404,73684,186574,43638,51143,51,0
3,0,1584382,0,1161,906072,1010911,893559,1064874,955479,429515,670191,51,0,0,1584382,0,-37,906072,1010911,893559,1064874,955479,429515,670191,51,0,0,1014643,0,-2048,1358815,322986,155404,73684,186574,43638,51143,51,0,0,1014643,0,998,1358815,322986,155404,73684,186574,43638,51143,51,0,0,1014643,0,148,1358815,322986,155404,73684,186574,43638,51143,51,0,0,1014643,0,59,1358815,322986,155404,73684,186574,43638,51143,51,0,0,1014643,0,49,1358815,322986,155404,73684,186574,43638,51143,51,0,0,1014643,0,45,1358815,322986,155404,73684,186574,43638,51143,51,0,0,1014643,0,44,1358815,322986,155404,73684,186574,43638,51143,51,0,0,1014643,0,257,1358815,322986,155404,73684,186574,43638,51143,51,0
3,0,1584382,0,-37,906072,1010911,893559,1064874,955479,429515,670191,51,0,0,1014643,0,-2048,1358815,322986,155404,73684,186574,43638,51143,51,0,0,1014643,0,998,1358815,322986,155404,73684,186574,43638,51143,51,0,0,1014643,0,148,1358815,322986,155404,73684,186574,43638,51143,51,0,0,1014643,0,59,1358815,322986,155404,73684,186574,43638,51143,51,0,0,1014643,0,49,1358815,322986,155404,73684,186574,43638,51143,51,0,0,1014643,0,45,1358815,322986,155404,73684,186574,43638,51143,51,0,0,1014643,0,44,1358815,322986,155404,73684,186574,43638,51143,51,0,0,1014643,0,257,1358815,322986,155404,73684,186574,43638,51143,51,0,0,1014643,0,138,1358815,322986,155404,73684,186574,43638,51143,51,0
3,0,1014643,0,-2048,1358815,322986,155404,73684,186574,43638,51143,51,0,0,1014643,0,998,1358815,322986,155404,73684,186574,43638,51143,51,0,0,1014643,0,148,1358815,322986,155404,73684,186574,43638,51143,51,0,0,1014643,0,59,1358815,322986,155404,73684,186574,43638,51143,51,0,0,1014643,0,49,1358815,322986,155404,73684,186574,43638,51143,51,0,0,1014643,0,45,1358815,322986,155404,73684,186574,43638,51143,51,0,0,1014643,0,44,1358815,322986,155404,73684,186574,43638,51143,51,0,0,1014643,0,257,1358815,322986,155404,73684,186574,43638,51143,51,0,0,1014643,0,138,1358815,322986,155404,73684,186574,43638,51143,51,0,0,1014643,0,59,1358815,322986,155404,73684,186574,43638,51143,51,0
3,0,1014643,0,998,1358815,322986,155404,73684,186574,43638,51143,51,0,0,1014643,0,148,1358815,322986,155404,73684,186574,43638,51143,51,0,0,1014643,0,59,1358815,322986,155404,73684,186574,43638,51143,51,0,0,1014643,0,49,1358815,322986,155404,73684,186574,43638,51143,51,0,0,1014643,0,45,1358815,322986,155404,73684,186574,43638,51143,51,0,0,1014643,0,44,1358815,322986,155404,73684,186574,43638,51143,51,0,0,1014643,0,257,1358815,322986,155404,73684,186574,43638,51143,51,0,0,1014643,0,138,1358815,322986,155404,73684,186574,43638,51143,51,0,0,1014643,0,59,1358815,322986,155404,73684,186574,43638,51143,51,0,0,442335,0,48,15129,70130,64232,28428,12479,4968,11235,51,0
3,0,1014643,0,148,1358815,322986,155404,73684,186574,43638,51143,51,0,0,1014643,0,59,1358815,322986,155404,73684,186574,43638,51143,51,0,0,1014643,0,49,1358815,322986,155404,73684,186574,43638,51143,51,0,0,1014643,0,45,1358815,322986,155404,73684,186574,43638,51143,51,0,0,1014643,0,44,1358815,322986,155404,73684,186574,43638,51143,51,0,0,1014643,0,257,1358815,322986,155404,73684,186574,43638,51143,51,0,0,1014643,0,138,1358815,322986,155404,73684,186574,43638,51143,51,0,0,1014643,0,59,1358815,322986,155404,73684,186574,43638,51143,51,0,0,442335,0,48,15129,70130,64232,28428,12479,4968,11235,51,0,0,442335,0,-2048,15129,70130,64232,28428,12479,4968,11235,51,0
3,0,1014643,0,59,1358815,322986,155404,73684,186574,43638,51143,51,0,0,1014643,0,49,1358815,322986,155404,73684,186574,43638,51143,51,0,0,1014643,0,45,1358815,322986,155404,73684,186574,43638,51143,51,0,0,1014643,0,44,1358815,322986,155404,73684,186574,43638,51143,51,0,0,1014643,0,257,1358815,322986,155404,73684,186574,43638,51143,51,0,0,1014643,0,138,1358815,322986,155404,73684,186574,43638,51143,51,0,0,1014643,0,59,1358815,322986,155404,73684,186574,43638,51143,51,0,0,442335,0,48,15129,70130,64232,28428,12479,4968,11235,51,0,0,442335,0,-2048,15129,70130,64232,28428,12479,4968,11235,51,0,0,442335,0,664,15129,70130,64232,28428,12479,4968,11235,51,0
3,0,1014643,0,49,1358815,322986,155404,73684,186574,43638,51143,51,0,0,1014643,0,45,1358815,322986,155404,73684,186574,43638,51143,51,0,0,1014643,0,44,1358815,322986,155404,73684,186574,43638,51143,51,0,0,1014643,0,257,1358815,322986,155404,73684,186574,43638,51143,51,0,0,1014643,0,138,1358815,322986,155404,73684,186574,43638,51143,51,0,0,1014643,0,59,1358815,322986,155404,73684,186574,43638,51143,51,0,0,442335,0,48,15129,70130,64232,28428,12479,4968,11235,51,0,0,442335,0,-2048,15129,70130,64232,28428,12479,4968,11235,51,0,0,442335,0,664,15129,70130,64232,28428,12479,4968,11235,51,0,0,442335,0,139,15129,70130,64232,28428,12479,4968,11235,51,0
3,0,1014643,0,45,1358815,322986,155404,73684,186574,43638,51143,51,0,0,1014643,0,44,1358815,322986,155404,73684,186574,43638,51143,51,0,0,1014643,0,257,1358815,322986,155404,73684,186574,43638,51143,51,0,0,1014643,0,138,1358815,322986,155404,73684,186574,43638,51143,51,0,0,1014643,0,59,1358815,322986,155404,73684,186574,43638,51143,51,0,0,442335,0,48,15129,70130,64232,28428,12479,4968,11235,51,0,0,442335,0,-2048,15129,70130,64232,28428,12479,4968,11235,51,0,0,442335,0,664,15129,70130,64232,28428,12479,4968,11235,51,0,0,442335,0,139,15129,70130,64232,28428,12479,4968,11235,51,0,0,442335,0,55,15129,70130,64232,28428,12479,4968,11235,51,0
3,0,1014643,0,44,1358815,322986,155404,73684,186574,43638,51143,51,0,0,1014643,0,257,1358815,322986,155404,73684,186574,43638,51143,51,0,0,1014643,0,138,1358815,322986,155404,73684,186574,43638,51143,51,0,0,1014643,0,59,1358815,322986,155404,73684,186574,43638,51143,51,0,0,442335,0,48,15129,70130,64232,28428,12479,4968,11235,51,0,0,442335,0,-2048,15129,70130,64232,28428,12479,4968,11235,51,0,0,442335,0,664,15129,70130,64232,28428,12479,4968,11235,51,0,0,442335,0,139,15129,70130,64232,28428,12479,4968,11235,51,0,0,442335,0,55,15129,70130,64232,28428,12479,4968,11235,51,0,0,442335,0,44,15129,70130,64232,28428,12479,4968,11235,51,0
3,0,1014643,0,257,1358815,322986,155404,73684,186574,43638,51143,51,0,0,1014643,0,138,1358815,322986,155404,73684,186574,43638,51143,51,0,0,1014643,0,59,1358815,322986,155404,73684,186574,43638,51143,51,0,0,442335,0,48,15129,70130,64232,28428,12479,4968,11235,51,0,0,442335,0,-2048,15129,70130,64232,28428,12479,4968,11235,51,0,0,442335,0,664,15129,70130,64232,28428,12479,4968,11235,51,0,0,442335,0,139,15129,70130,64232,28428,12479,4968,11235,51,0,0,442335,0,55,15129,70130,64232,28428,12479,4968,11235,51,0,0,442335,0,44,15129,70130,64232,28428,12479,4968,11235,51,0,0,442335,0,44,15129,70130,64232,28428,12479,4968,11235,51,0
3,0,1014643,0,138,1358815,322986,155404,73684,186574,43638,51143,51,0,0,1014643,0,59,1358815,322986,155404,73684,186574,43638,51143,51,0,0,442335,0,48,15129,70130,64232,28428,12479,4968,11235,51,0,0,442335,0,-2048,15129,70130,64232,28428,12479,4968,11235,51,0,0,442335,0,664,15129,70130,64232,28428,12479,4968,11235,51,0,0,442335,0,139,15129,70130,64232,28428,12479,4968,11235,51,0,0,442335,0,55,15129,70130,64232,28428,12479,4968,11235,51,0,0,442335,0,44,15129,70130,64232,28428,12479,4968,11235,51,0,0,442335,0,44,15129,70130,64232,28428,12479,4968,11235,51,0,0,442335,0,44,15129,70130,64232,28428,12479,4968,11235,51,0
3,0,1014643,0,59,1358815,322986,155404,73684,186574,43638,51143,51,0,0,442335,0,48,15129,70130,64232,28428,12479,4968,11235,51,0,0,442335,0,-2048,15129,70130,64232,28428,12479,4968,11235,51,0,0,442335,0,664,15129,70130,64232,28428,12479,4968,11235,51,0,0,442335,0,139,15129,70130,64232,28428,12479,4968,11235,51,0,0,442335,0,55,15129,70130,64232,28428,12479,4968,11235,51,0,0,442335,0,44,15129,70130,64232,28428,12479,4968,11235,51,0,0,442335,0,44,15129,70130,64232,28428,12479,4968,11235,51,0,0,442335,0,44,15129,70130,64232,28428,12479,4968,11235,51,0,0,442335,0,43,15129,70130,64232,28428,12479,4968,11235,51,0
3,0,442335,0,48,15129,70130,64232,28428,12479,4968,11235,51,0,0,442335,0,-2048,15129,70130,64232,28428,12479,4968,11235,51,0,0,442335,0,664,15129,70130,64232,28428,12479,4968,11235,51,0,0,442335,0,139,15129,70130,64232,28428,12479,4968,11235,51,0,0,442335,0,55,15129,70130,64232,28428,12479,4968,11235,51,0,0,442335,0,44,15129,70130,64232,28428,12479,4968,11235,51,0,0,442335,0,44,15129,70130,64232,28428,12479,4968,11235,51,0,0,442335,0,44,15129,70130,64232,28428,12479,4968,11235,51,0,0,442335,0,43,15129,70130,64232,28428,12479,4968,11235,51,0,0,309060,0,43,12446,9639,5322,5899,1301,1208,1155,25,0
3,0,442335,0,-2048,15129,70130,64232,28428,12479,4968,11235,51,0,0,442335,0,664,15129,70130,64232,28428,12479,4968,11235,51,0,0,442335,0,139,15129,70130,64232,28428,12479,4968,11235,51,0,0,442335,0,55,15129,70130,64232,28428,12479,4968,11235,51,0,0,442335,0,44,15129,70130,64232,28428,12479,4968,11235,51,0,0,442335,0,44,15129,70130,64232,28428,12479,4968,11235,51,0,0,442335,0,44,15129,70130,64232,28428,12479,4968,11235,51,0,0,442335,0,43,15129,70130,64232,28428,12479,4968,11235,51,0,0,309060,0,43,12446,9639,5322,5899,1301,1208,1155,25,0,0,309060,0,44,12446,9639,5322,5899,1301,1208,1155,25,0
3,0,442335,0,664,15129,70130,64232,28428,12479,4968,11235,51,0,0,442335,0,139,15129,70130,64232,28428,12479,4968,11235,51,0,0,442335,0,55,15129,70130,64232,28428,12479,4968,11235,51,0,0,442335,0,44,15129,70130,64232,28428,12479,4968,11235,51,0,0,442335,0,44,15129,70130,64232,28428,12479,4968,11235,51,0,0,442335,0,44,15129,70130,64232,28428,12479,4968,11235,51,0,0,442335,0,43,15129,70130,64232,28428,12479,4968,11235,51,0,0,309060,0,43,12446,9639,5322,5899,1301,1208,1155,25,0,0,309060,0,44,12446,9639,5322,5899,1301,1208,1155,25,0,0,309060,0,44,12446,9639,5322,5899,1301,1208,1155,25,0
3,0,442335,0,139,15129,70130,64232,28428,12479,4968,11235,51,0,0,442335,0,55,15129,70130,64232,28428,12479,4968,11235,51,0,0,442335,0,44,15129,70130,64232,28428,12479,4968,11235,51,0,0,442335,0,44,15129,70130,64232,28428,12479,4968,11235,51,0,0,442335,0,44,15129,70130,64232,28428,12479,4968,11235,51,0,0,442335,0,43,15129,70130,64232,28428,12479,4968,11235,51,0,0,309060,0,43,12446,9639,5322,5899,1301,1208,1155,25,0,0,309060,0,44,12446,9639,5322,5899,1301,1208,1155,25,0,0,309060,0,44,12446,9639,5322,5899,1301,1208,1155,25,0,0,309060,0,-2048,12446,9639,5322,5899,1301,1208,1155,25,0
3,0,442335,0,55,15129,70130,64232,28428,12479,4968,11235,51,0,0,442335,0,44,15129,70130,64232,28428,12479,4968,11235,51,0,0,442335,0,44,15129,70130,64232,28428,12479,4968,11235,51,0,0,442335,0,44,15129,70130,64232,28428,12479,4968,11235,51,0,0,442335,0,43,15129,70130,64232,28428,12479,4968,11235,51,0,0,309060,0,43,12446,9639,5322,5899,1301,1208,1155,25,0,0,309060,0,44,12446,9639,5322,5899,1301,1208,1155,25,0,0,309060,0,44,12446,9639,5322,5899,1301,1208,1155,25,0,0,309060,0,-2048,12446,9639,5322,5899,1301,1208,1155,25,0,0,309060,0,1073,12446,9639,5322,5899,1301,1208,1155,25,0
3,0,442335,0,44,15129,70130,64232,28428,12479,4968,11235,51,0,0,442335,0,44,15129,70130,64232,28428,12479,4968,11235,51,0,0,442335,0,44,15129,70130,64232,28428,12479,4968,11235,51,0,0,442335,0,43,15129,70130,64232,28428,12479,4968,11235,51,0,0,309060,0,43,12446,9639,5322,5899,1301,1208,1155,25,0,0,309060,0,44,12446,9639,5322,5899,1301,1208,1155,25,0,0,309060,0,44,12446,9639,5322,5899,1301,1208,1155,25,0,0,309060,0,-2048,12446,9639,5322,5899,1301,1208,1155,25,0,0,309060,0,1073,12446,9639,5322,5899,1301,1208,1155,25,0,0,309060,0,203,12446,9639,5322,5899,1301,1208,1155,25,0
3,0,442335,0,44,15129,70130,64232,28428,12479,4968,11235,51,0,0,442335,0,44,15129,70130,64232,28428,12479,4968,11235,51,0,0,442335,0,43,15129,70130,64232,28428,12479,4968,11235,51,0,0,309060,0,43,12446,9639,5322,5899,1301,1208,1155,25,0,0,309060,0,44,12446,9639,5322,5899,1301,1208,1155,25,0,0,309060,0,44,12446,9639,5322,5899,1301,1208,1155,25,0,0,309060,0,-2048,12446,9639,5322,5899,1301,1208,1155,25,0,0,309060,0,1073,12446,9639,5322,5899,1301,1208,1155,25,0,0,309060,0,203,12446,9639,5322,5899,1301,1208,1155,25,0,0,309060,0,70,12446,9639,5322,5899,1301,1208,1155,25,0
3,0,442335,0,44,15129,70130,64232,28428,12479,4968,11235,51,0,0,442335,0,43,15129,70130,64232,28428,12479,4968,11235,51,0,0,309060,0,43,12446,9639,5322,5899,1301,1208,1155,25,0,0,309060,0,44,12446,9639,5322,5899,1301,1208,1155,25,0,0,309060,0,44,12446,9639,5322,5899,1301,1208,1155,25,0,0,309060,0,-2048,12446,9639,5322,5899,1301,1208,1155,25,0,0,309060,0,1073,12446,9639,5322,5899,1301,1208,1155,25,0,0,309060,0,203,12446,9639,5322,5899,1301,1208,1155,25,0,0,309060,0,70,12446,9639,5322,5899,1301,1208,1155,25,0,0,309060,0,49,12446,9639,5322,5899,1301,1208,1155,25,0
3,0,442335,0,43,15129,70130,64232,28428,12479,4968,11235,51,0,0,309060,0,43,12446,9639,5322,5899,1301,1208,1155,25,0,0,309060,0,44,12446,9639,5322,5899,1301,1208,1155,25,0,0,309060,0,44,12446,9639,5322,5899,1301,1208,1155,25,0,0,309060,0,-2048,12446,9639,5322,5899,1301,1208,1155,25,0,0,309060,0,1073,12446,9639,5322,5899,1301,1208,1155,25,0,0,309060,0,203,12446,9639,5322,5899,1301,1208,1155,25,0,0,309060,0,70,12446,9639,5322,5899,1301,1208,1155,25,0,0,309060,0,49,12446,9639,5322,5899,1301,1208,1155,25,0,0,309060,0,44,12446,9639,5322,5899,1301,1208,1155,25,0
3,0,309060,0,43,12446,9639,5322,5899,1301,1208,1155,25,0,0,309060,0,44,12446,9639,5322,5899,1301,1208,1155,25,0,0,309060,0,44,12446,9639,5322,5899,1301,1208,1155,25,0,0,309060,0,-2048,12446,9639,5322,5899,1301,1208,1155,25,0,0,309060,0,1073,12446,9639,5322,5899,1301,1208,1155,25,0,0,309060,0,203,12446,9639,5322,5899,1301,1208,1155,25,0,0,309060,0,70,12446,9639,5322,5899,1301,1208,1155,25,0,0,309060,0,49,12446,9639,5322,5899,1301,1208,1155,25,0,0,309060,0,44,12446,9639,5322,5899,1301,1208,1155,25,0,0,309060,0,44,12446,9639,5322,5899,1301,1208,1155,25,0
3,0,309060,0,44,12446,9639,5322,5899,1301,1208,1155,25,0,0,309060,0,44,12446,9639,5322,5899,1301,1208,1155,25,0,0,309060,0,-2048,12446,9639,5322,5899,1301,1208,1155,25,0,0,309060,0,1073,12446,9639,5322,5899,1301,1208,1155,25,0,0,309060,0,203,12446,9639,5322,5899,1301,1208,1155,25,0,0,309060,0,70,12446,9639,5322,5899,1301,1208,1155,25,0,0,309060,0,49,12446,9639,5322,5899,1301,1208,1155,25,0,0,309060,0,44,12446,9639,5322,5899,1301,1208,1155,25,0,0,309060,0,44,12446,9639,5322,5899,1301,1208,1155,25,0,0,333902,0,44,517702,545993,285485,99249,105233,17787,27024,51,0
3,0,309060,0,44,12446,9639,5322,5899,1301,1208,1155,25,0,0,309060,0,-2048,12446,9639,5322,5899,1301,1208,1155,25,0,0,309060,0,1073,12446,9639,5322,5899,1301,1208,1155,25,0,0,309060,0,203,12446,9639,5322,5899,1301,1208,1155,25,0,0,309060,0,70,12446,9639,5322,5899,1301,1208,1155,25,0,0,309060,0,49,12446,9639,5322,5899,1301,1208,1155,25,0,0,309060,0,44,12446,9639,5322,5899,1301,1208,1155,25,0,0,309060,0,44,12446,9639,5322,5899,1301,1208,1155,25,0,0,333902,0,44,517702,545993,285485,99249,105233,17787,27024,51,0,0,333902,0,44,517702,545993,285485,99249,105233,17787,27024,51,0
3,0,309060,0,-2048,12446,9639,5322,5899,1301,1208,1155,25,0,0,309060,0,1073,12446,9639,5322,5899,1301,1208,1155,25,0,0,309060,0,203,12446,9639,5322,5899,1301,1208,1155,25,0,0,309060,0,70,12446,9639,5322,5899,1301,1208,1155,25,0,0,309060,0,49,12446,9639,5322,5899,1301,1208,1155,25,0,0,309060,0,44,12446,9639,5322,5899,1301,1208,1155,25,0,0,309060,0,44,12446,9639,5322,5899,1301,1208,1155,25,0,0,333902,0,44,517702,545993,285485,99249,105233,17787,27024,51,0,0,333902,0,44,517702,545993,285485,99249,105233,17787,27024,51,0,0,333902,0,44,517702,545993,285485,99249,105233,17787,27024,51,0
3,0,309060,0,1073,12446,9639,5322,5899,1301,1208,1155,25,0,0,309060,0,203,12446,9639,5322,5899,1301,1208,1155,25,0,0,309060,0,70,12446,9639,5322,5899,1301,1208,1155,25,0,0,309060,0,49,12446,9639,5322,5899,1301,1208,1155,25,0,0,309060,0,44,12446,9639,5322,5899,1301,1208,1155,25,0,0,309060,0,44,12446,9639,5322,5899,1301,1208,1155,25,0,0,333902,0,44,517702,545993,285485,99249,105233,17787,27024,51,0,0,333902,0,44,517702,545993,285485,99249,105233,17787,27024,51,0,0,333902,0,44,517702,545993,285485,99249,105233,17787,27024,51,0,0,333902,0,44,517702,545993,285485,99249,105233,17787,27024,51,0
3,0,309060,0,203,12446,9639,5322,5899,1301,1208,1155,25,0,0,309060,0,70,12446,9639,5322,5899,1301,1208,1155,25,0,0,309060,0,49,12446,9639,5322,5899,1301,1208,1155,25,0,0,309060,0,44,12446,9639,5322,5899,1301,1208,1155,25,0,0,309060,0,44,12446,9639,5322,5899,1301,1208,1155,25,0,0,333902,0,44,517702,545993,285485,99249,105233,17787,27024,51,0,0,333902,0,44,517702,545993,285485,99249,105233,17787,27024,51,0,0,333902,0,44,517702,545993,285485,99249,105233,17787,27024,51,0,0,333902,0,44,517702,545993,285485,99249,105233,17787,27024,51,0,0,333902,0,44,517702,545993,285485,99249,105233,17787,27024,51,0
3,0,309060,0,70,12446,9639,5322,5899,1301,1208,1155,25,0,0,309060,0,49,12446,9639,5322,5899,1301,1208,1155,25,0,0,309060,0,44,12446,9639,5322,5899,1301,1208,1155,25,0,0,309060,0,44,12446,9639,5322,5899,1301,1208,1155,25,0,0,333902,0,44,517702,545993,285485,99249,105233,17787,27024,51,0,0,333902,0,44,517702,545993,285485,99249,105233,17787,27024,51,0,0,333902,0,44,517702,545993,285485,99249,105233,17787,27024,51,0,0,333902,0,44,517702,545993,285485,99249,105233,17787,27024,51,0,0,333902,0,44,517702,545993,285485,99249,105233,17787,27024,51,0,0,333902,0,-2048,517702,545993,285485,99249,105233,17787,27024,51,0
3,0,309060,0,49,12446,9639,5322,5899,1301,1208,1155,25,0,0,309060,0,44,12446,9639,5322,5899,1301,1208,1155,25,0,0,309060,0,44,12446,9639,5322,5899,1301,1208,1155,25,0,0,333902,0,44,517702,545993,285485,99249,105233,17787,27024,51,0,0,333902,0,44,517702,545993,285485,99249,105233,17787,27024,51,0,0,333902,0,44,517702,545993,285485,99249,105233,17787,27024,51,0,0,333902,0,44,517702,545993,285485,99249,105233,17787,27024,51,0,0,333902,0,44,517702,545993,285485,99249,105233,17787,27024,51,0,0,333902,0,-2048,517702,545993,285485,99249,105233,17787,27024,51,0,0,333902,0,546,517702,545993,285485,99249,105233,17787,27024,51,0
3,0,309060,0,44,12446,9639,5322,5899,1301,1208,1155,25,0,0,309060,0,44,12446,9639,5322,5899,1301,1208,1155,25,0,0,333902,0,44,517702,545993,285485,99249,105233,17787,27024,51,0,0,333902,0,44,517702,545993,285485,99249,105233,17787,27024,51,0,0,333902,0,44,517702,545993,285485,99249,105233,17787,27024,51,0,0,333902,0,44,517702,545993,285485,99249,105233,17787,27024,51,0,0,333902,0,44,517702,545993,285485,99249,105233,17787,27024,51,0,0,333902,0,-2048,517702,545993,285485,99249,105233,17787,27024,51,0,0,333902,0,546,517702,545993,285485,99249,105233,17787,27024,51,0,0,333902,0,121,517702,545993,285485,99249,105233,17787,27024,51,0
3,0,309060,0,44,12446,9639,5322,5899,1301,1208,1155,25,0,0,333902,0,44,517702,545993,285485,99249,105233,17787,27024,51,0,0,333902,0,44,517702,545993,285485,99249,105233,17787,27024,51,0,0,333902,0,44,517702,545993,285485,99249,105233,17787,27024,51,0,0,333902,0,44,517702,545993,285485,99249,105233,17787,27024,51,0,0,333902,0,44,517702,545993,285485,99249,105233,17787,27024,51,0,0,333902,0,-2048,517702,545993,285485,99249,105233,17787,27024,51,0,0,333902,0,546,517702,545993,285485,99249,105233,17787,27024,51,0,0,333902,0,121,517702,545993,285485,99249,105233,17787,27024,51,0,0,333902,0,56,517702,545993,285485,99249,105233,17787,27024,51,0
3,0,333902,0,44,517702,545993,285485,99249,105233,17787,27024,51,0,0,333902,0,44,517702,545993,285485,99249,105233,17787,27024,51,0,0,333902,0,44,517702,545993,285485,99249,105233,17787,27024,51,0,0,333902,0,44,517702,545993,285485,99249,105233,17787,27024,51,0,0,333902,0,44,517702,545993,285485,99249,105233,17787,27024,51,0,0,333902,0,-2048,517702,545993,285485,99249,105233,17787,27024,51,0,0,333902,0,546,517702,545993,285485,99249,105233,17787,27024,51,0,0,333902,0,121,517702,545993,285485,99249,105233,17787,27024,51,0,0,333902,0,56,517702,545993,285485,99249,105233,17787,27024,51,0,0,333902,0,48,517702,545993,285485,99249,105233,17787,27024,51,0
3,0,333902,0,44,517702,545993,285485,99249,105233,17787,27024,51,0,0,333902,0,44,517702,545993,285485,99249,105233,17787,27024,51,0,0,333902,0,44,517702,545993,285485,99249,105233,17787,27024,51,0,0,333902,0,44,517702,545993,285485,99249,105233,17787,27024,51,0,0,333902,0,-2048,517702,545993,285485,99249,105233,17787,27024,51,0,0,333902,0,546,517702,545993,285485,99249,105233,17787,27024,51,0,0,333902,0,121,517702,545993,285485,99249,105233,17787,27024,51,0,0,333902,0,56,517702,545993,285485,99249,105233,17787,27024,51,0,0,333902,0,48,517702,545993,285485,99249,105233,17787,27024,51,0,0,440666,0,43,731846,751373,425414,173711,201641,25688,30457,51,0
3,0,333902,0,44,517702,545993,285485,99249,105233,17787,27024,51,0,0,333902,0,44,517702,545993,285485,99249,105233,17787,27024,51,0,0,333902,0,44,517702,545993,285485,99249,105233,17787,27024,51,0,0,333902,0,-2048,517702,545993,285485,99249,105233,17787,27024,51,0,0,333902,0,546,517702,545993,285485,99249,105233,17787,27024,51,0,0,333902,0,121,517702,545993,285485,99249,105233,17787,27024,51,0,0,333902,0,56,517702,545993,285485,99249,105233,17787,27024,51,0,0,333902,0,48,517702,545993,285485,99249,105233,17787,27024,51,0,0,440666,0,43,731846,751373,425414,173711,201641,25688,30457,51,0,0,440666,0,44,731846,751373,425414,173711,201641,25688,30457,51,0
3,0,333902,0,44,517702,545993,285485,99249,105233,17787,27024,51,0,0,333902,0,44,517702,545993,285485,99249,105233,17787,27024,51,0,0,333902,0,-2048,517702,545993,285485,99249,105233,17787,27024,51,0,0,333902,0,546,517702,545993,285485,99249,105233,17787,27024,51,0,0,333902,0,121,517702,545993,285485,99249,105233,17787,27024,51,0,0,333902,0,56,517702,545993,285485,99249,105233,17787,27024,51,0,0,333902,0,48,517702,545993,285485,99249,105233,17787,27024,51,0,0,440666,0,43,731846,751373,425414,173711,201641,25688,30457,51,0,0,440666,0,44,731846,751373,425414,173711,201641,25688,30457,51,0,0,440666,0,83,731846,751373,425414,173711,201641,25688,30457,51,0
3,0,333902,0,44,517702,545993,285485,99249,105233,17787,27024,51,0,0,333902,0,-2048,517702,545993,285485,99249,105233,17787,27024,51,0,0,333902,0,546,517702,545993,285485,99249,105233,17787,27024,51,0,0,333902,0,121,517702,545993,285485,99249,105233,17787,27024,51,0,0,333902,0,56,517702,545993,285485,99249,105233,17787,27024,51,0,0,333902,0,48,517702,545993,285485,99249,105233,17787,27024,51,0,0,440666,0,43,731846,751373,425414,173711,201641,25688,30457,51,0,0,440666,0,44,731846,751373,425414,173711,201641,25688,30457,51,0,0,440666,0,83,731846,751373,425414,173711,201641,25688,30457,51,0,0,440666,0,130,731846,751373,425414,173711,201641,25688,30457,51,0
3,0,333902,0,-2048,517702,545993,285485,99249,105233,17787,27024,51,0,0,333902,0,546,517702,545993,285485,99249,105233,17787,27024,51,0,0,333902,0,121,517702,545993,285485,99249,105233,17787,27024,51,0,0,333902,0,56,517702,545993,285485,99249,105233,17787,27024,51,0,0,333902,0,48,517702,545993,285485,99249,105233,17787,27024,51,0,0,440666,0,43,731846,751373,425414,173711,201641,25688,30457,51,0,0,440666,0,44,731846,751373,425414,173711,201641,25688,30457,51,0,0,440666,0,83,731846,751373,425414,173711,201641,25688,30457,51,0,0,440666,0,130,731846,751373,425414,173711,201641,25688,30457,51,0,0,440666,0,54,731846,751373,425414,173711,201641,25688,30457,51,0
3,0,333902,0,546,517702,545993,285485,99249,105233,17787,27024,51,0,0,333902,0,121,517702,545993,285485,99249,105233,17787,27024,51,0,0,333902,0,56,517702,545993,285485,99249,105233,17787,27024,51,0,0,333902,0,48,517702,545993,285485,99249,105233,17787,27024,51,0,0,440666,0,43,731846,751373,425414,173711,201641,25688,30457,51,0,0,440666,0,44,731846,751373,425414,173711,201641,25688,30457,51,0,0,440666,0,83,731846,751373,425414,173711,201641,25688,30457,51,0,0,440666,0,130,731846,751373,425414,173711,201641,25688,30457,51,0,0,440666,0,54,731846,751373,425414,173711,201641,25688,30457,51,0,0,440666,0,-123,731846,751373,425414,173711,201641,25688,30457,51,0
3,0,333902,0,121,517702,545993,285485,99249,105233,17787,27024,51,0,0,333902,0,56,517702,545993,285485,99249,105233,17787,27024,51,0,0,333902,0,48,517702,545993,285485,99249,105233,17787,27024,51,0,0,440666,0,43,731846,751373,425414,173711,201641,25688,30457,51,0,0,440666,0,44,731846,751373,425414,173711,201641,25688,30457,51,0,0,440666,0,83,731846,751373,425414,173711,201641,25688,30457,51,0,0,440666,0,130,731846,751373,425414,173711,201641,25688,30457,51,0,0,440666,0,54,731846,751373,425414,173711,201641,25688,30457,51,0,0,440666,0,-123,731846,751373,425414,173711,201641,25688,30457,51,0,0,440666,0,-2048,731846,751373,425414,173711,201641,25688,30457,51,0
3,0,333902,0,56,517702,545993,285485,99249,105233,17787,27024,51,0,0,333902,0,48,517702,545993,285485,99249,105233,17787,27024,51,0,0,440666,0,43,731846,751373,425414,173711,201641,25688,30457,51,0,0,440666,0,44,731846,751373,425414,173711,201641,25688,30457,51,0,0,440666,0,83,731846,751373,425414,173711,201641,25688,30457,51,0,0,440666,0,130,731846,751373,425414,173711,201641,25688,30457,51,0,0,440666,0,54,731846,751373,425414,173711,201641,25688,30457,51,0,0,440666,0,-123,731846,751373,425414,173711,201641,25688,30457,51,0,0,440666,0,-2048,731846,751373,425414,173711,201641,25688,30457,51,0,0,440666,0,1667,731846,751373,425414,173711,201641,25688,30457,51,0
3,0,333902,0,48,517702,545993,285485,99249,105233,17787,27024,51,0,0,440666,0,43,731846,751373,425414,173711,201641,25688,30457,51,0,0,440666,0,44,731846,751373,425414,173711,201641,25688,30457,51,0,0,440666,0,83,731846,751373,425414,173711,201641,25688,30457,51,0,0,440666,0,130,731846,751373,425414,173711,201641,25688,30457,51,0,0,440666,0,54,731846,751373,425414,173711,201641,25688,30457,51,0,0,440666,0,-123,731846,751373,425414,173711,201641,25688,30457,51,0,0,440666,0,-2048,731846,751373,425414,173711,201641,25688,30457,51,0,0,440666,0,1667,731846,751373,425414,173711,201641,25688,30457,51,0,0,440666,0,737,731846,751373,425414,173711,201641,25688,30457,51,0
3,0,440666,0,43,731846,751373,425414,173711,201641,25688,30457,51,0,0,440666,0,44,731846,751373,425414,173711,201641,25688,30457,51,0,0,440666,0,83,731846,751373,425414,173711,201641,25688,30457,51,0,0,440666,0,130,731846,751373,425414,173711,201641,25688,30457,51,0,0,440666,0,54,731846,751373,425414,173711,201641,25688,30457,51,0,0,440666,0,-123,731846,751373,425414,173711,201641,25688,30457,51,0,0,440666,0,-2048,731846,751373,425414,173711,201641,25688,30457,51,0,0,440666,0,1667,731846,751373,425414,173711,201641,25688,30457,51,0,0,440666,0,737,731846,751373,425414,173711,201641,25688,30457,51,0,0,440666,0,119,731846,751373,425414,173711,201641,25688,30457,51,0
3,0,440666,0,44,731846,751373,425414,173711,201641,25688,30457,51,0,0,440666,0,83,731846,751373,425414,173711,201641,25688,30457,51,0,0,440666,0,130,731846,751373,425414,173711,201641,25688,30457,51,0,0,440666,0,54,731846,751373,425414,173711,201641,25688,30457,51,0,0,440666,0,-123,731846,751373,425414,173711,201641,25688,30457,51,0,0,440666,0,-2048,731846,751373,425414,173711,201641,25688,30457,51,0,0,440666,0,1667,731846,751373,425414,173711,201641,25688,30457,51,0,0,440666,0,737,731846,751373,425414,173711,201641,25688,30457,51,0,0,440666,0,119,731846,751373,425414,173711,201641,25688,30457,51,0,0,803676,0,58,764091,175721,124484,126915,178180,24670,168450,51,0
3,0,440666,0,83,731846,751373,425414,173711,201641,25688,30457,51,0,0,440666,0,130,731846,751373,425414,173711,201641,25688,30457,51,0,0,440666,0,54,731846,751373,425414,173711,201641,25688,30457,51,0,0,440666,0,-123,731846,751373,425414,173711,201641,25688,30457,51,0,0,440666,0,-2048,731846,751373,425414,173711,201641,25688,30457,51,0,0,440666,0,1667,731846,751373,425414,173711,201641,25688,30457,51,0,0,440666,0,737,731846,751373,425414,173711,201641,25688,30457,51,0,0,440666,0,119,731846,751373,425414,173711,201641,25688,30457,51,0,0,803676,0,58,764091,175721,124484,126915,178180,24670,168450,51,0,0,803676,0,51,764091,175721,124484,126915,178180,24670,168450,51,0
3,0,440666,0,130,731846,751373,425414,173711,201641,25688,30457,51,0,0,440666,0,54,731846,751373,425414,173711,201641,25688,30457,51,0,0,440666,0,-123,731846,751373,425414,173711,201641,25688,30457,51,0,0,440666,0,-2048,731846,751373,425414,173711,201641,25688,30457,51,0,0,440666,0,1667,731846,751373,425414,173711,201641,25688,30457,51,0,0,440666,0,737,731846,751373,425414,173711,201641,25688,30457,51,0,0,440666,0,119,731846,751373,425414,173711,201641,25688,30457,51,0,0,803676,0,58,764091,175721,124484,126915,178180,24670,168450,51,0,0,803676,0,51,764091,175721,124484,126915,178180,24670,168450,51,0,0,803676,0,44,764091,175721,124484,126915,178180,24670,168450,51,0
3,0,440666,0,54,731846,751373,425414,173711,201641,25688,30457,51,0,0,440666,0,-123,731846,751373,425414,173711,201641,25688,30457,51,0,0,440666,0,-2048,731846,751373,425414,173711,201641,25688,30457,51,0,0,440666,0,1667,731846,751373,425414,173711,201641,25688,30457,51,0,0,440666,0,737,731846,751373,425414,173711,201641,25688,30457,51,0,0,440666,0,119,731846,751373,425414,173711,201641,25688,30457,51,0,0,803676,0,58,764091,175721,124484,126915,178180,24670,168450,51,0,0,803676,0,51,764091,175721,124484,126915,178180,24670,168450,51,0,0,803676,0,44,764091,175721,124484,126915,178180,24670,168450,51,0,0,803676,0,44,764091,175721,124484,126915,178180,24670,168450,51,0
3,0,440666,0,-123,731846,751373,425414,173711,201641,25688,30457,51,0,0,440666,0,-2048,731846,751373,425414,173711,201641,25688,30457,51,0,0,440666,0,1667,731846,751373,425414,173711,201641,25688,30457,51,0,0,440666,0,737,731846,751373,425414,173711,201641,25688,30457,51,0,0,440666,0,119,731846,751373,425414,173711,201641,25688,30457,51,0,0,803676,0,58,764091,175721,124484,126915,178180,24670,168450,51,0,0,803676,0,51,764091,175721,124484,126915,178180,24670,168450,51,0,0,803676,0,44,764091,175721,124484,126915,178180,24670,168450,51,0,0,803676,0,44,764091,175721,124484,126915,178180,24670,168450,51,0,0,803676,0,43,764091,175721,124484,126915,178180,24670,168450,51,0
3,0,440666,0,-2048,731846,751373,425414,173711,201641,25688,30457,51,0,0,440666,0,1667,731846,751373,425414,173711,201641,25688,30457,51,0,0,440666,0,737,731846,751373,425414,173711,201641,25688,30457,51,0,0,440666,0,119,731846,751373,425414,173711,201641,25688,30457,51,0,0,803676,0,58,764091,175721,124484,126915,178180,24670,168450,51,0,0,803676,0,51,764091,175721,124484,126915,178180,24670,168450,51,0,0,803676,0,44,764091,175721,124484,126915,178180,24670,168450,51,0,0,803676,0,44,764091,175721,124484,126915,178180,24670,168450,51,0,0,803676,0,43,764091,175721,124484,126915,178180,24670,168450,51,0,0,803676,0,48,764091,175721,124484,126915,178180,24670,168450,51,0
3,0,440666,0,1667,731846,751373,425414,173711,201641,25688,30457,51,0,0,440666,0,737,731846,751373,425414,173711,201641,25688,30457,51,0,0,440666,0,119,731846,751373,425414,173711,201641,25688,30457,51,0,0,803676,0,58,764091,175721,124484,126915,178180,24670,168450,51,0,0,803676,0,51,764091,175721,124484,126915,178180,24670,168450,51,0,0,803676,0,44,764091,175721,124484,126915,178180,24670,168450,51,0,0,803676,0,44,764091,175721,124484,126915,178180,24670,168450,51,0,0,803676,0,43,764091,175721,124484,126915,178180,24670,168450,51,0,0,803676,0,48,764091,175721,124484,126915,178180,24670,168450,51,0,0,803676,0,50,764091,175721,124484,126915,178180,24670,168450,51,0
3,0,440666,0,737,731846,751373,425414,173711,201641,25688,30457,51,0,0,440666,0,119,731846,751373,425414,173711,201641,25688,30457,51,0,0,803676,0,58,764091,175721,124484,126915,178180,24670,168450,51,0,0,803676,0,51,764091,175721,124484,126915,178180,24670,168450,51,0,0,803676,0,44,764091,175721,124484,126915,178180,24670,168450,51,0,0,803676,0,44,764091,175721,124484,126915,178180,24670,168450,51,0,0,803676,0,43,764091,175721,124484,126915,178180,24670,168450,51,0,0,803676,0,48,764091,175721,124484,126915,178180,24670,168450,51,0,0,803676,0,50,764091,175721,124484,126915,178180,24670,168450,51,0,0,803676,0,-2048,764091,175721,124484,126915,178180,24670,168450,51,0
3,0,440666,0,119,731846,751373,425414,173711,201641,25688,30457,51,0,0,803676,0,58,764091,175721,124484,126915,178180,24670,168450,51,0,0,803676,0,51,764091,175721,124484,126915,178180,24670,168450,51,0,0,803676,0,44,764091,175721,124484,126915,178180,24670,168450,51,0,0,803676,0,44,764091,175721,124484,126915,178180,24670,168450,51,0,0,803676,0,43,764091,175721,124484,126915,178180,24670,168450,51,0,0,803676,0,48,764091,175721,124484,126915,178180,24670,168450,51,0,0,803676,0,50,764091,175721,124484,126915,178180,24670,168450,51,0,0,803676,0,-2048,764091,175721,124484,126915,178180,24670,168450,51,0,0,803676,0,2047,764091,175721,124484,126915,178180,24670,168450,51,0
3,0,803676,0,58,764091,175721,124484,126915,178180,24670,168450,51,0,0,803676,0,51,764091,175721,124484,126915,178180,24670,168450,51,0,0,803676,0,44,764091,175721,124484,126915,178180,24670,168450,51,0,0,803676,0,44,764091,175721,124484,126915,178180,24670,168450,51,0,0,803676,0,43,764091,175721,124484,126915,178180,24670,168450,51,0,0,803676,0,48,764091,175721,124484,126915,178180,24670,168450,51,0,0,803676,0,50,764091,175721,124484,126915,178180,24670,168450,51,0,0,803676,0,-2048,764091,175721,124484,126915,178180,24670,168450,51,0,0,803676,0,2047,764091,175721,124484,126915,178180,24670,168450,51,0,0,803676,0,411,764091,175721,124484,126915,178180,24670,168450,51,0
3,0,803676,0,51,764091,175721,124484,126915,178180,24670,168450,51,0,0,803676,0,44,764091,175721,124484,126915,178180,24670,168450,51,0,0,803676,0,44,764091,175721,124484,126915,178180,24670,168450,51,0,0,803676,0,43,764091,175721,124484,126915,178180,24670,168450,51,0,0,803676,0,48,764091,175721,124484,126915,178180,24670,168450,51,0,0,803676,0,50,764091,175721,124484,126915,178180,24670,168450,51,0,0,803676,0,-2048,764091,175721,124484,126915,178180,24670,168450,51,0,0,803676,0,2047,764091,175721,124484,126915,178180,24670,168450,51,0,0,803676,0,411,764091,175721,124484,126915,178180,24670,168450,51,0,0,385005,0,55,235536,263545,109372,13674,27871,24046,25956,51,0
3,0,803676,0,44,764091,175721,124484,126915,178180,24670,168450,51,0,0,803676,0,44,764091,175721,124484,126915,178180,24670,168450,51,0,0,803676,0,43,764091,175721,124484,126915,178180,24670,168450,51,0,0,803676,0,48,764091,175721,124484,126915,178180,24670,168450,51,0,0,803676,0,50,764091,175721,124484,126915,178180,24670,168450,51,0,0,803676,0,-2048,764091,175721,124484,126915,178180,24670,168450,51,0,0,803676,0,2047,764091,175721,124484,126915,178180,24670,168450,51,0,0,803676,0,411,764091,175721,124484,126915,178180,24670,168450,51,0,0,385005,0,55,235536,263545,109372,13674,27871,24046,25956,51,0,0,385005,0,86,235536,263545,109372,13674,27871,24046,25956,51,0
3,0,803676,0,44,764091,175721,124484,126915,178180,24670,168450,51,0,0,803676,0,43,764091,175721,124484,126915,178180,24670,168450,51,0,0,803676,0,48,764091,175721,124484,126915,178180,24670,168450,51,0,0,803676,0,50,764091,175721,124484,126915,178180,24670,168450,51,0,0,803676,0,-2048,764091,175721,124484,126915,178180,24670,168450,51,0,0,803676,0,2047,764091,175721,124484,126915,178180,24670,168450,51,0,0,803676,0,411,764091,175721,124484,126915,178180,24670,168450,51,0,0,385005,0,55,235536,263545,109372,13674,27871,24046,25956,51,0,0,385005,0,86,235536,263545,109372,13674,27871,24046,25956,51,0,0,385005,0,252,235536,263545,109372,13674,27871,24046,25956,51,0
3,0,803676,0,43,764091,175721,124484,126915,178180,24670,168450,51,0,0,803676,0,48,764091,175721,124484,126915,178180,24670,168450,51,0,0,803676,0,50,764091,175721,124484,126915,178180,24670,168450,51,0,0,803676,0,-2048,764091,175721,124484,126915,178180,24670,168450,51,0,0,803676,0,2047,764091,175721,124484,126915,178180,24670,168450,51,0,0,803676,0,411,764091,175721,124484,126915,178180,24670,168450,51,0,0,385005,0,55,235536,263545,109372,13674,27871,24046,25956,51,0,0,385005,0,86,235536,263545,109372,13674,27871,24046,25956,51,0,0,385005,0,252,235536,263545,109372,13674,27871,24046,25956,51,0,0,385005,0,-643,235536,263545,109372,13674,27871,24046,25956,51,0
3,0,803676,0,48,764091,175721,124484,126915,178180,24670,168450,51,0,0,803676,0,50,764091,175721,124484,126915,178180,24670,168450,51,0,0,803676,0,-2048,764091,175721,124484,126915,178180,24670,168450,51,0,0,803676,0,2047,764091,175721,124484,126915,178180,24670,168450,51,0,0,803676,0,411,764091,175721,124484,126915,178180,24670,168450,51,0,0,385005,0,55,235536,263545,109372,13674,27871,24046,25956,51,0,0,385005,0,86,235536,263545,109372,13674,27871,24046,25956,51,0,0,385005,0,252,235536,263545,109372,13674,27871,24046,25956,51,0,0,385005,0,-643,235536,263545,109372,13674,27871,24046,25956,51,0,0,385005,0,-403,235536,263545,109372,13674,27871,24046,25956,51,0
3,0,803676,0,50,764091,175721,124484,126915,178180,24670,168450,51,0,0,803676,0,-2048,764091,175721,124484,126915,178180,24670,168450,51,0,0,803676,0,2047,764091,175721,124484,126915,178180,24670,168450,51,0,0,803676,0,411,764091,175721,124484,126915,178180,24670,168450,51,0,0,385005,0,55,235536,263545,109372,13674,27871,24046,25956,51,0,0,385005,0,86,235536,263545,109372,13674,27871,24046,25956,51,0,0,385005,0,252,235536,263545,109372,13674,27871,24046,25956,51,0,0,385005,0,-643,235536,263545,109372,13674,27871,24046,25956,51,0,0,385005,0,-403,235536,263545,109372,13674,27871,24046,25956,51,0,0,385005,0,-34,235536,263545,109372,13674,27871,24046,25956,51,0
3,0,803676,0,-2048,764091,175721,124484,126915,178180,24670,168450,51,0,0,803676,0,2047,764091,175721,124484,126915,178180,24670,168450,51,0,0,803676,0,411,764091,175721,124484,126915,178180,24670,168450,51,0,0,385005,0,55,235536,263545,109372,13674,27871,24046,25956,51,0,0,385005,0,86,235536,263545,109372,13674,27871,24046,25956,51,0,0,385005,0,252,235536,263545,109372,13674,27871,24046,25956,51,0,0,385005,0,-643,235536,263545,109372,13674,27871,24046,25956,51,0,0,385005,0,-403,235536,263545,109372,13674,27871,24046,25956,51,0,0,385005,0,-34,235536,263545,109372,13674,27871,24046,25956,51,0,0,385005,0,-1107,235536,263545,109372,13674,27871,24046,25956,51,0
3,0,803676,0,2047,764091,175721,124484,126915,178180,24670,168450,51,0,0,803676,0,411,764091,175721,124484,126915,178180,24670,168450,51,0,0,385005,0,55,235536,263545,109372,13674,27871,24046,25956,51,0,0,385005,0,86,235536,263545,109372,13674,27871,24046,25956,51,0,0,385005,0,252,235536,263545,109372,13674,27871,24046,25956,51,0,0,385005,0,-643,235536,263545,109372,13674,27871,24046,25956,51,0,0,385005,0,-403,235536,263545,109372,13674,27871,24046,25956,51,0,0,385005,0,-34,235536,263545,109372,13674,27871,24046,25956,51,0,0,385005,0,-1107,235536,263545,109372,13674,27871,24046,25956,51,0,0,385005,0,-1015,235536,263545,109372,13674,27871,24046,25956,51,0
3,0,803676,0,411,764091,175721,124484,126915,178180,24670,168450,51,0,0,385005,0,55,235536,263545,109372,13674,27871,24046,25956,51,0,0,385005,0,86,235536,263545,109372,13674,27871,24046,25956,51,0,0,385005,0,252,235536,263545,109372,13674,27871,24046,25956,51,0,0,385005,0,-643,235536,263545,109372,13674,27871,24046,25956,51,0,0,385005,0,-403,235536,263545,109372,13674,27871,24046,25956,51,0,0,385005,0,-34,235536,263545,109372,13674,27871,24046,25956,51,0,0,385005,0,-1107,235536,263545,109372,13674,27871,24046,25956,51,0,0,385005,0,-1015,235536,263545,109372,13674,27871,24046,25956,51,0,0,385005,0,-2048,235536,263545,109372,13674,27871,24046,25956,51,0
3,0,385005,0,55,235536,263545,109372,13674,27871,24046,25956,51,0,0,385005,0,86,235536,263545,109372,13674,27871,24046,25956,51,0,0,385005,0,252,235536,263545,109372,13674,27871,24046,25956,51,0,0,385005,0,-643,235536,263545,109372,13674,27871,24046,25956,51,0,0,385005,0,-403,235536,263545,109372,13674,27871,24046,25956,51,0,0,385005,0,-34,235536,263545,109372,13674,27871,24046,25956,51,0,0,385005,0,-1107,235536,263545,109372,13674,27871,24046,25956,51,0,0,385005,0,-1015,235536,263545,109372,13674,27871,24046,25956,51,0,0,385005,0,-2048,235536,263545,109372,13674,27871,24046,25956,51,0,0,385005,0,1266,235536,263545,109372,13674,27871,24046,25956,51,0
3,0,385005,0,86,235536,263545,109372,13674,27871,24046,25956,51,0,0,385005,0,252,235536,263545,109372,13674,27871,24046,25956,51,0,0,385005,0,-643,235536,263545,109372,13674,27871,24046,25956,51,0,0,385005,0,-403,235536,263545,109372,13674,27871,24046,25956,51,0,0,385005,0,-34,235536,263545,109372,13674,27871,24046,25956,51,0,0,385005,0,-1107,235536,263545,109372,13674,27871,24046,25956,51,0,0,385005,0,-1015,235536,263545,109372,13674,27871,24046,25956,51,0,0,385005,0,-2048,235536,263545,109372,13674,27871,24046,25956,51,0,0,385005,0,1266,235536,263545,109372,13674,27871,24046,25956,51,0,0,289252,0,275,314931,26062,19776,77703,114142,49014,86815,51,0
3,0,385005,0,252,235536,263545,109372,13674,27871,24046,25956,51,0,0,385005,0,-643,235536,263545,109372,13674,27871,24046,25956,51,0,0,385005,0,-403,235536,263545,109372,13674,27871,24046,25956,51,0,0,385005,0,-34,235536,263545,109372,13674,27871,24046,25956,51,0,0,385005,0,-1107,235536,263545,109372,13674,27871,24046,25956,51,0,0,385005,0,-1015,235536,263545,109372,13674,27871,24046,25956,51,0,0,385005,0,-2048,235536,263545,109372,13674,27871,24046,25956,51,0,0,385005,0,1266,235536,263545,109372,13674,27871,24046,25956,51,0,0,289252,0,275,314931,26062,19776,77703,114142,49014,86815,51,0,0,289252,0,81,314931,26062,19776,77703,114142,49014,86815,51,0
3,0,385005,0,-643,235536,263545,109372,13674,27871,24046,25956,51,0,0,385005,0,-403,235536,263545,109372,13674,27871,24046,25956,51,0,0,385005,0,-34,235536,263545,109372,13674,27871,24046,25956,51,0,0,385005,0,-1107,235536,263545,109372,13674,27871,24046,25956,51,0,0,385005,0,-1015,235536,263545,109372,13674,27871,24046,25956,51,0,0,385005,0,-2048,235536,263545,109372,13674,27871,24046,25956,51,0,0,385005,0,1266,235536,263545,109372,13674,27871,24046,25956,51,0,0,289252,0,275,314931,26062,19776,77703,114142,49014,86815,51,0,0,289252,0,81,314931,26062,19776,77703,114142,49014,86815,51,0,0,289252,0,49,314931,26062,19776,77703,114142,49014,86815,51,0
3,0,385005,0,-403,235536,263545,109372,13674,27871,24046,25956,51,0,0,385005,0,-34,235536,263545,109372,13674,27871,24046,25956,51,0,0,385005,0,-1107,235536,263545,109372,13674,27871,24046,25956,51,0,0,385005,0,-1015,235536,263545,109372,13674,27871,24046,25956,51,0,0,385005,0,-2048,235536,263545,109372,13674,27871,24046,25956,51,0,0,385005,0,1266,235536,263545,109372,13674,27871,24046,25956,51,0,0,289252,0,275,314931,26062,19776,77703,114142,49014,86815,51,0,0,289252,0,81,314931,26062,19776,77703,114142,49014,86815,51,0,0,289252,0,49,314931,26062,19776,77703,114142,49014,86815,51,0,0,289252,0,43,314931,26062,19776,77703,114142,49014,86815,51,0
3,0,385005,0,-34,235536,263545,109372,13674,27871,24046,25956,51,0,0,385005,0,-1107,235536,263545,109372,13674,27871,24046,25956,51,0,0,385005,0,-1015,235536,263545,109372,13674,27871,24046,25956,51,0,0,385005,0,-2048,235536,263545,109372,13674,27871,24046,25956,51,0,0,385005,0,1266,235536,263545,109372,13674,27871,24046,25956,51,0,0,289252,0,275,314931,26062,19776,77703,114142,49014,86815,51,0,0,289252,0,81,314931,26062,19776,77703,114142,49014,86815,51,0,0,289252,0,49,314931,26062,19776,77703,114142,49014,86815,51,0,0,289252,0,43,314931,26062,19776,77703,114142,49014,86815,51,0,0,289252,0,43,314931,26062,19776,77703,114142,49014,86815,51,0
3,0,385005,0,-1107,235536,263545,109372,13674,27871,24046,25956,51,0,0,385005,0,-1015,235536,263545,109372,13674,27871,24046,25956,51,0,0,385005,0,-2048,235536,263545,109372,13674,27871,24046,25956,51,0,0,385005,0,1266,235536,263545,109372,13674,27871,24046,25956,51,0,0,289252,0,275,314931,26062,19776,77703,114142,49014,86815,51,0,0,289252,0,81,314931,26062,19776,77703,114142,49014,86815,51,0,0,289252,0,49,314931,26062,19776,77703,114142,49014,86815,51,0,0,289252,0,43,314931,26062,19776,77703,114142,49014,86815,51,0,0,289252,0,43,314931,26062,19776,77703,114142,49014,86815,51,0,0,289252,0,-2048,314931,26062,19776,77703,114142,49014,86815,51,0
3,0,385005,0,-1015,235536,263545,109372,13674,27871,24046,25956,51,0,0,385005,0,-2048,235536,263545,109372,13674,27871,24046,25956,51,0,0,385005,0,1266,235536,263545,109372,13674,27871,24046,25956,51,0,0,289252,0,275,314931,26062,19776,77703,114142,49014,86815,51,0,0,289252,0,81,314931,26062,19776,77703,114142,49014,86815,51,0,0,289252,0,49,314931,26062,19776,77703,114142,49014,86815,51,0,0,289252,0,43,314931,26062,19776,77703,114142,49014,86815,51,0,0,289252,0,43,314931,26062,19776,77703,114142,49014,86815,51,0,0,289252,0,-2048,314931,26062,19776,77703,114142,49014,86815,51,0,0,289252,0,546,314931,26062,19776,77703,114142,49014,86815,51,0
3,0,385005,0,-2048,235536,263545,109372,13674,27871,24046,25956,51,0,0,385005,0,1266,235536,263545,109372,13674,27871,24046,25956,51,0,0,289252,0,275,314931,26062,19776,77703,114142,49014,86815,51,0,0,289252,0,81,314931,26062,19776,77703,114142,49014,86815,51,0,0,289252,0,49,314931,26062,19776,77703,114142,49014,86815,51,0,0,289252,0,43,314931,26062,19776,77703,114142,49014,86815,51,0,0,289252,0,43,314931,26062,19776,77703,114142,49014,86815,51,0,0,289252,0,-2048,314931,26062,19776,77703,114142,49014,86815,51,0,0,289252,0,546,314931,26062,19776,77703,114142,49014,86815,51,0,0,289252,0,312,314931,26062,19776,77703,114142,49014,86815,51,0
3,0,385005,0,1266,235536,263545,109372,13674,27871,24046,25956,51,0,0,289252,0,275,314931,26062,19776,77703,114142,49014,86815,51,0,0,289252,0,81,314931,26062,19776,77703,114142,49014,86815,51,0,0,289252,0,49,314931,26062,19776,77703,114142,49014,86815,51,0,0,289252,0,43,314931,26062,19776,77703,114142,49014,86815,51,0,0,289252,0,43,314931,26062,19776,77703,114142,49014,86815,51,0,0,289252,0,-2048,314931,26062,19776,77703,114142,49014,86815,51,0,0,289252,0,546,314931,26062,19776,77703,114142,49014,86815,51,0,0,289252,0,312,314931,26062,19776,77703,114142,49014,86815,51,0,0,289252,0,80,314931,26062,19776,77703,114142,49014,86815,51,0
3,0,289252,0,275,314931,26062,19776,77703,114142,49014,86815,51,0,0,289252,0,81,314931,26062,19776,77703,114142,49014,86815,51,0,0,289252,0,49,314931,26062,19776,77703,114142,49014,86815,51,0,0,289252,0,43,314931,26062,19776,77703,114142,49014,86815,51,0,0,289252,0,43,314931,26062,19776,77703,114142,49014,86815,51,0,0,289252,0,-2048,314931,26062,19776,77703,114142,49014,86815,51,0,0,289252,0,546,314931,26062,19776,77703,114142,49014,86815,51,0,0,289252,0,312,314931,26062,19776,77703,114142,49014,86815,51,0,0,289252,0,80,314931,26062,19776,77703,114142,49014,86815,51,0,0,289252,0,2047,314931,26062,19776,77703,114142,49014,86815,51,0
3,0,289252,0,81,314931,26062,19776,77703,114142,49014,86815,51,0,0,289252,0,49,314931,26062,19776,77703,114142,49014,86815,51,0,0,289252,0,43,314931,26062,19776,77703,114142,49014,86815,51,0,0,289252,0,43,314931,26062,19776,77703,114142,49014,86815,51,0,0,289252,0,-2048,314931,26062,19776,77703,114142,49014,86815,51,0,0,289252,0,546,314931,26062,19776,77703,114142,49014,86815,51,0,0,289252,0,312,314931,26062,19776,77703,114142,49014,86815,51,0,0,289252,0,80,314931,26062,19776,77703,114142,49014,86815,51,0,0,289252,0,2047,314931,26062,19776,77703,114142,49014,86815,51,0,0,412055,0,571,744713,150028,39781,94320,188584,102415,96333,51,0
3,0,289252,0,49,314931,26062,19776,77703,114142,49014,86815,51,0,0,289252,0,43,314931,26062,19776,77703,114142,49014,86815,51,0,0,289252,0,43,314931,26062,19776,77703,114142,49014,86815,51,0,0,289252,0,-2048,314931,26062,19776,77703,114142,49014,86815,51,0,0,289252,0,546,314931,26062,19776,77703,114142,49014,86815,51,0,0,289252,0,312,314931,26062,19776,77703,114142,49014,86815,51,0,0,289252,0,80,314931,26062,19776,77703,114142,49014,86815,51,0,0,289252,0,2047,314931,26062,19776,77703,114142,49014,86815,51,0,0,412055,0,571,744713,150028,39781,94320,188584,102415,96333,51,0,0,412055,0,128,744713,150028,39781,94320,188584,102415,96333,51,0
3,0,289252,0,43,314931,26062,19776,77703,114142,49014,86815,51,0,0,289252,0,43,314931,26062,19776,77703,114142,49014,86815,51,0,0,289252,0,-2048,314931,26062,19776,77703,114142,49014,86815,51,0,0,289252,0,546,314931,26062,19776,77703,114142,49014,86815,51,0,0,289252,0,312,314931,26062,19776,77703,114142,49014,86815,51,0,0,289252,0,80,314931,26062,19776,77703,114142,49014,86815,51,0,0,289252,0,2047,314931,26062,19776,77703,114142,49014,86815,51,0,0,412055,0,571,744713,150028,39781,94320,188584,102415,96333,51,0,0,412055,0,128,744713,150028,39781,94320,188584,102415,96333,51,0,0,412055,0,53,744713,150028,39781,94320,188584,102415,96333,51,0
3,0,289252,0,43,314931,26062,19776,77703,114142,49014,86815,51,0,0,289252,0,-2048,314931,26062,19776,77703,114142,49014,86815,51,0,0,289252,0,546,314931,26062,19776,77703,114142,49014,86815,51,0,0,289252,0,312,314931,26062,19776,77703,114142,49014,86815,51,0,0,289252,0,80,314931,26062,19776,77703,114142,49014,86815,51,0,0,289252,0,2047,314931,26062,19776,77703,114142,49014,86815,51,0,0,412055,0,571,744713,150028,39781,94320,188584,102415,96333,51,0,0,412055,0,128,744713,150028,39781,94320,188584,102415,96333,51,0,0,412055,0,53,744713,150028,39781,94320,188584,102415,96333,51,0,0,412055,0,45,744713,150028,39781,94320,188584,102415,96333,51,0
3,0,289252,0,-2048,314931,26062,19776,77703,114142,49014,86815,51,0,0,289252,0,546,314931,26062,19776,77703,114142,49014,86815,51,0,0,289252,0,312,314931,26062,19776,77703,114142,49014,86815,51,0,0,289252,0,80,314931,26062,19776,77703,114142,49014,86815,51,0,0,289252,0,2047,314931,26062,19776,77703,114142,49014,86815,51,0,0,412055,0,571,744713,150028,39781,94320,188584,102415,96333,51,0,0,412055,0,128,744713,150028,39781,94320,188584,102415,96333,51,0,0,412055,0,53,744713,150028,39781,94320,188584,102415,96333,51,0,0,412055,0,45,744713,150028,39781,94320,188584,102415,96333,51,0,0,412055,0,44,744713,150028,39781,94320,188584,102415,96333,51,0
3,0,289252,0,546,314931,26062,19776,77703,114142,49014,86815,51,0,0,289252,0,312,314931,26062,19776,77703,114142,49014,86815,51,0,0,289252,0,80,314931,26062,19776,77703,114142,49014,86815,51,0,0,289252,0,2047,314931,26062,19776,77703,114142,49014,86815,51,0,0,412055,0,571,744713,150028,39781,94320,188584,102415,96333,51,0,0,412055,0,128,744713,150028,39781,94320,188584,102415,96333,51,0,0,412055,0,53,744713,150028,39781,94320,188584,102415,96333,51,0,0,412055,0,45,744713,150028,39781,94320,188584,102415,96333,51,0,0,412055,0,44,744713,150028,39781,94320,188584,102415,96333,51,0,0,412055,0,44,744713,150028,39781,94320,188584,102415,96333,51,0
3,0,289252,0,312,314931,26062,19776,77703,114142,49014,86815,51,0,0,289252,0,80,314931,26062,19776,77703,114142,49014,86815,51,0,0,289252,0,2047,314931,26062,19776,77703,114142,49014,86815,51,0,0,412055,0,571,744713,150028,39781,94320,188584,102415,96333,51,0,0,412055,0,128,744713,150028,39781,94320,188584,102415,96333,51,0,0,412055,0,53,744713,150028,39781,94320,188584,102415,96333,51,0,0,412055,0,45,744713,150028,39781,94320,188584,102415,96333,51,0,0,412055,0,44,744713,150028,39781,94320,188584,102415,96333,51,0,0,412055,0,44,744713,150028,39781,94320,188584,102415,96333,51,0,0,412055,0,44,744713,150028,39781,94320,188584,102415,96333,51,0
3,0,289252,0,80,314931,26062,19776,77703,114142,49014,86815,51,0,0,289252,0,2047,314931,26062,19776,77703,114142,49014,86815,51,0,0,412055,0,571,744713,150028,39781,94320,188584,102415,96333,51,0,0,412055,0,128,744713,150028,39781,94320,188584,102415,96333,51,0,0,412055,0,53,744713,150028,39781,94320,188584,102415,96333,51,0,0,412055,0,45,744713,150028,39781,94320,188584,102415,96333,51,0,0,412055,0,44,744713,150028,39781,94320,188584,102415,96333,51,0,0,412055,0,44,744713,150028,39781,94320,188584,102415,96333,51,0,0,412055,0,44,744713,150028,39781,94320,188584,102415,96333,51,0,0,412055,0,48,744713,150028,39781,94320,188584,102415,96333,51,0
3,0,289252,0,2047,314931,26062,19776,77703,114142,49014,86815,51,0,0,412055,0,571,744713,150028,39781,94320,188584,102415,96333,51,0,0,412055,0,128,744713,150028,39781,94320,188584,102415,96333,51,0,0,412055,0,53,744713,150028,39781,94320,188584,102415,96333,51,0,0,412055,0,45,744713,150028,39781,94320,188584,102415,96333,51,0,0,412055,0,44,744713,150028,39781,94320,188584,102415,96333,51,0,0,412055,0,44,744713,150028,39781,94320,188584,102415,96333,51,0,0,412055,0,44,744713,150028,39781,94320,188584,102415,96333,51,0,0,412055,0,48,744713,150028,39781,94320,188584,102415,96333,51,0,0,412055,0,50,744713,150028,39781,94320,188584,102415,96333,51,0
3,0,412055,0,571,744713,150028,39781,94320,188584,102415,96333,51,0,0,412055,0,128,744713,150028,39781,94320,188584,102415,96333,51,0,0,412055,0,53,744713,150028,39781,94320,188584,102415,96333,51,0,0,412055,0,45,744713,150028,39781,94320,188584,102415,96333,51,0,0,412055,0,44,744713,150028,39781,94320,188584,102415,96333,51,0,0,412055,0,44,744713,150028,39781,94320,188584,102415,96333,51,0,0,412055,0,44,744713,150028,39781,94320,188584,102415,96333,51,0,0,412055,0,48,744713,150028,39781,94320,188584,102415,96333,51,0,0,412055,0,50,744713,150028,39781,94320,188584,102415,96333,51,0,0,412055,0,48,744713,150028,39781,94320,188584,102415,96333,51,0
3,0,412055,0,128,744713,150028,39781,94320,188584,102415,96333,51,0,0,412055,0,53,744713,150028,39781,94320,188584,102415,96333,51,0,0,412055,0,45,744713,150028,39781,94320,188584,102415,96333,51,0,0,412055,0,44,744713,150028,39781,94320,188584,102415,96333,51,0,0,412055,0,44,744713,150028,39781,94320,188584,102415,96333,51,0,0,412055,0,44,744713,150028,39781,94320,188584,102415,96333,51,0,0,412055,0,48,744713,150028,39781,94320,188584,102415,96333,51,0,0,412055,0,50,744713,150028,39781,94320,188584,102415,96333,51,0,0,412055,0,48,744713,150028,39781,94320,188584,102415,96333,51,0,0,462697,0,2047,12226,4934,9518,12337,10676,975,410,51,0
3,0,412055,0,53,744713,150028,39781,94320,188584,102415,96333,51,0,0,412055,0,45,744713,150028,39781,94320,188584,102415,96333,51,0,0,412055,0,44,744713,150028,39781,94320,188584,102415,96333,51,0,0,412055,0,44,744713,150028,39781,94320,188584,102415,96333,51,0,0,412055,0,44,744713,150028,39781,94320,188584,102415,96333,51,0,0,412055,0,48,744713,150028,39781,94320,188584,102415,96333,51,0,0,412055,0,50,744713,150028,39781,94320,188584,102415,96333,51,0,0,412055,0,48,744713,150028,39781,94320,188584,102415,96333,51,0,0,462697,0,2047,12226,4934,9518,12337,10676,975,410,51,0,0,462697,0,285,12226,4934,9518,12337,10676,975,410,51,0
3,0,412055,0,45,744713,150028,39781,94320,188584,102415,96333,51,0,0,412055,0,44,744713,150028,39781,94320,188584,102415,96333,51,0,0,412055,0,44,744713,150028,39781,94320,188584,102415,96333,51,0,0,412055,0,44,744713,150028,39781,94320,188584,102415,96333,51,0,0,412055,0,48,744713,150028,39781,94320,188584,102415,96333,51,0,0,412055,0,50,744713,150028,39781,94320,188584,102415,96333,51,0,0,412055,0,48,744713,150028,39781,94320,188584,102415,96333,51,0,0,462697,0,2047,12226,4934,9518,12337,10676,975,410,51,0,0,462697,0,285,12226,4934,9518,12337,10676,975,410,51,0,0,462697,0,83,12226,4934,9518,12337,10676,975,410,51,0
3,0,412055,0,44,744713,150028,39781,94320,188584,102415,96333,51,0,0,412055,0,44,744713,150028,39781,94320,188584,102415,96333,51,0,0,412055,0,44,744713,150028,39781,94320,188584,102415,96333,51,0,0,412055,0,48,744713,150028,39781,94320,188584,102415,96333,51,0,0,412055,0,50,744713,150028,39781,94320,188584,102415,96333,51,0,0,412055,0,48,744713,150028,39781,94320,188584,102415,96333,51,0,0,462697,0,2047,12226,4934,9518,12337,10676,975,410,51,0,0,462697,0,285,12226,4934,9518,12337,10676,975,410,51,0,0,462697,0,83,12226,4934,9518,12337,10676,975,410,51,0,0,462697,0,51,12226,4934,9518,12337,10676,975,410,51,0
3,0,412055,0,44,744713,150028,39781,94320,188584,102415,96333,51,0,0,412055,0,44,744713,150028,39781,94320,188584,102415,96333,51,0,0,412055,0,48,744713,150028,39781,94320,188584,102415,96333,51,0,0,412055,0,50,744713,150028,39781,94320,188584,102415,96333,51,0,0,412055,0,48,744713,150028,39781,94320,188584,102415,96333,51,0,0,462697,0,2047,12226,4934,9518,12337,10676,975,410,51,0,0,462697,0,285,12226,4934,9518,12337,10676,975,410,51,0,0,462697,0,83,12226,4934,9518,12337,10676,975,410,51,0,0,462697,0,51,12226,4934,9518,12337,10676,975,410,51,0,0,462697,0,44,12226,4934,9518,12337,10676,975,410,51,0
3,0,412055,0,44,744713,150028,39781,94320,188584,102415,96333,51,0,0,412055,0,48,744713,150028,39781,94320,188584,102415,96333,51,0,0,412055,0,50,744713,150028,39781,94320,188584,102415,96333,51,0,0,412055,0,48,744713,150028,39781,94320,188584,102415,96333,51,0,0,462697,0,2047,12226,4934,9518,12337,10676,975,410,51,0,0,462697,0,285,12226,4934,9518,12337,10676,975,410,51,0,0,462697,0,83,12226,4934,9518,12337,10676,975,410,51,0,0,462697,0,51,12226,4934,9518,12337,10676,975,410,51,0,0,462697,0,44,12226,4934,9518,12337,10676,975,410,51,0,0,462697,0,44,12226,4934,9518,12337,10676,975,410,51,0
3,0,412055,0,48,744713,150028,39781,94320,188584,102415,96333,51,0,0,412055,0,50,744713,150028,39781,94320,188584,102415,96333,51,0,0,412055,0,48,744713,150028,39781,94320,188584,102415,96333,51,0,0,462697,0,2047,12226,4934,9518,12337,10676,975,410,51,0,0,462697,0,285,12226,4934,9518,12337,10676,975,410,51,0,0,462697,0,83,12226,4934,9518,12337,10676,975,410,51,0,0,462697,0,51,12226,4934,9518,12337,10676,975,410,51,0,0,462697,0,44,12226,4934,9518,12337,10676,975,410,51,0,0,462697,0,44,12226,4934,9518,12337,10676,975,410,51,0,0,462697,0,44,12226,4934,9518,12337,10676,975,410,51,0
3,0,412055,0,50,744713,150028,39781,94320,188584,102415,96333,51,0,0,412055,0,48,744713,150028,39781,94320,188584,102415,96333,51,0,0,462697,0,2047,12226,4934,9518,12337,10676,975,410,51,0,0,462697,0,285,12226,4934,9518,12337,10676,975,410,51,0,0,462697,0,83,12226,4934,9518,12337,10676,975,410,51,0,0,462697,0,51,12226,4934,9518,12337,10676,975,410,51,0,0,462697,0,44,12226,4934,9518,12337,10676,975,410,51,0,0,462697,0,44,12226,4934,9518,12337,10676,975,410,51,0,0,462697,0,44,12226,4934,9518,12337,10676,975,410,51,0,0,462697,0,45,12226,4934,9518,12337,10676,975,410,51,0
3,0,412055,0,48,744713,150028,39781,94320,188584,102415,96333,51,0,0,462697,0,2047,12226,4934,9518,12337,10676,975,410,51,0,0,462697,0,285,12226,4934,9518,12337,10676,975,410,51,0,0,462697,0,83,12226,4934,9518,12337,10676,975,410,51,0,0,462697,0,51,12226,4934,9518,12337,10676,975,410,51,0,0,462697,0,44,12226,4934,9518,12337,10676,975,410,51,0,0,462697,0,44,12226,4934,9518,12337,10676,975,410,51,0,0,462697,0,44,12226,4934,9518,12337,10676,975,410,51,0,0,462697,0,45,12226,4934,9518,12337,10676,975,410,51,0,0,462697,0,48,12226,4934,9518,12337,10676,975,410,51,0
3,0,462697,0,2047,12226,4934,9518,12337,10676,975,410,51,0,0,462697,0,285,12226,4934,9518,12337,10676,975,410,51,0,0,462697,0,83,12226,4934,9518,12337,10676,975,410,51,0,0,462697,0,51,12226,4934,9518,12337,10676,975,410,51,0,0,462697,0,44,12226,4934,9518,12337,10676,975,410,51,0,0,462697,0,44,12226,4934,9518,12337,10676,975,410,51,0,0,462697,0,44,12226,4934,9518,12337,10676,975,410,51,0,0,462697,0,45,12226,4934,9518,12337,10676,975,410,51,0,0,462697,0,48,12226,4934,9518,12337,10676,975,410,51,0,0,462697,0,44,12226,4934,9518,12337,10676,975,410,51,0
3,0,462697,0,285,12226,4934,9518,12337,10676,975,410,51,0,0,462697,0,83,12226,4934,9518,12337,10676,975,410,51,0,0,462697,0,51,12226,4934,9518,12337,10676,975,410,51,0,0,462697,0,44,12226,4934,9518,12337,10676,975,410,51,0,0,462697,0,44,12226,4934,9518,12337,10676,975,410,51,0,0,462697,0,44,12226,4934,9518,12337,10676,975,410,51,0,0,462697,0,45,12226,4934,9518,12337,10676,975,410,51,0,0,462697,0,48,12226,4934,9518,12337,10676,975,410,51,0,0,462697,0,44,12226,4934,9518,12337,10676,975,410,51,0,0,527195,0,42,49190,16411,16299,17736,17437,17536,7290,51,0
3,0,462697,0,83,12226,4934,9518,12337,10676,975,410,51,0,0,462697,0,51,12226,4934,9518,12337,10676,975,410,51,0,0,462697,0,44,12226,4934,9518,12337,10676,975,410,51,0,0,462697,0,44,12226,4934,9518,12337,10676,975,410,51,0,0,462697,0,44,12226,4934,9518,12337,10676,975,410,51,0,0,462697,0,45,12226,4934,9518,12337,10676,975,410,51,0,0,462697,0,48,12226,4934,9518,12337,10676,975,410,51,0,0,462697,0,44,12226,4934,9518,12337,10676,975,410,51,0,0,527195,0,42,49190,16411,16299,17736,17437,17536,7290,51,0,0,527195,0,1994,49190,16411,16299,17736,17437,17536,7290,51,0
3,0,462697,0,51,12226,4934,9518,12337,10676,975,410,51,0,0,462697,0,44,12226,4934,9518,12337,10676,975,410,51,0,0,462697,0,44,12226,4934,9518,12337,10676,975,410,51,0,0,462697,0,44,12226,4934,9518,12337,10676,975,410,51,0,0,462697,0,45,12226,4934,9518,12337,10676,975,410,51,0,0,462697,0,48,12226,4934,9518,12337,10676,975,410,51,0,0,462697,0,44,12226,4934,9518,12337,10676,975,410,51,0,0,527195,0,42,49190,16411,16299,17736,17437,17536,7290,51,0,0,527195,0,1994,49190,16411,16299,17736,17437,17536,7290,51,0,0,527195,0,289,49190,16411,16299,17736,17437,17536,7290,51,0
3,0,462697,0,44,12226,4934,9518,12337,10676,975,410,51,0,0,462697,0,44,12226,4934,9518,12337,10676,975,410,51,0,0,462697,0,44,12226,4934,9518,12337,10676,975,410,51,0,0,462697,0,45,12226,4934,9518,12337,10676,975,410,51,0,0,462697,0,48,12226,4934,9518,12337,10676,975,410,51,0,0,462697,0,44,12226,4934,9518,12337,10676,975,410,51,0,0,527195,0,42,49190,16411,16299,17736,17437,17536,7290,51,0,0,527195,0,1994,49190,16411,16299,17736,17437,17536,7290,51,0,0,527195,0,289,49190,16411,16299,17736,17437,17536,7290,51,0,0,527195,0,83,49190,16411,16299,17736,17437,17536,7290,51,0
3,0,462697,0,44,12226,4934,9518,12337,10676,975,410,51,0,0,462697,0,44,12226,4934,9518,12337,10676,975,410,51,0,0,462697,0,45,12226,4934,9518,12337,10676,975,410,51,0,0,462697,0,48,12226,4934,9518,12337,10676,975,410,51,0,0,462697,0,44,12226,4934,9518,12337,10676,975,410,51,0,0,527195,0,42,49190,16411,16299,17736,17437,17536,7290,51,0,0,527195,0,1994,49190,16411,16299,17736,17437,17536,7290,51,0,0,527195,0,289,49190,16411,16299,17736,17437,17536,7290,51,0,0,527195,0,83,49190,16411,16299,17736,17437,17536,7290,51,0,0,527195,0,51,49190,16411,16299,17736,17437,17536,7290,51,0
3,0,462697,0,44,12226,4934,9518,12337,10676,975,410,51,0,0,462697,0,45,12226,4934,9518,12337,10676,975,410,51,0,0,462697,0,48,12226,4934,9518,12337,10676,975,410,51,0,0,462697,0,44,12226,4934,9518,12337,10676,975,410,51,0,0,527195,0,42,49190,16411,16299,17736,17437,17536,7290,51,0,0,527195,0,1994,49190,16411,16299,17736,17437,17536,7290,51,0,0,527195,0,289,49190,16411,16299,17736,17437,17536,7290,51,0,0,527195,0,83,49190,16411,16299,17736,17437,17536,7290,51,0,0,527195,0,51,49190,16411,16299,17736,17437,17536,7290,51,0,0,527195,0,45,49190,16411,16299,17736,17437,17536,7290,51,0
3,0,462697,0,45,12226,4934,9518,12337,10676,975,410,51,0,0,462697,0,48,12226,4934,9518,12337,10676,975,410,51,0,0,462697,0,44,12226,4934,9518,12337,10676,975,410,51,0,0,527195,0,42,49190,16411,16299,17736,17437,17536,7290,51,0,0,527195,0,1994,49190,16411,16299,17736,17437,17536,7290,51,0,0,527195,0,289,49190,16411,16299,17736,17437,17536,7290,51,0,0,527195,0,83,49190,16411,16299,17736,17437,17536,7290,51,0,0,527195,0,51,49190,16411,16299,17736,17437,17536,7290,51,0,0,527195,0,45,49190,16411,16299,17736,17437,17536,7290,51,0,0,527195,0,44,49190,16411,16299,17736,17437,17536,7290,51,0
3,0,462697,0,48,12226,4934,9518,12337,10676,975,410,51,0,0,462697,0,44,12226,4934,9518,12337,10676,975,410,51,0,0,527195,0,42,49190,16411,16299,17736,17437,17536,7290,51,0,0,527195,0,1994,49190,16411,16299,17736,17437,17536,7290,51,0,0,527195,0,289,49190,16411,16299,17736,17437,17536,7290,51,0,0,527195,0,83,49190,16411,16299,17736,17437,17536,7290,51,0,0,527195,0,51,49190,16411,16299,17736,17437,17536,7290,51,0,0,527195,0,45,49190,16411,16299,17736,17437,17536,7290,51,0,0,527195,0,44,49190,16411,16299,17736,17437,17536,7290,51,0,0,527195,0,43,49190,16411,16299,17736,17437,17536,7290,51,0
3,0,462697,0,44,12226,4934,9518,12337,10676,975,410,51,0,0,527195,0,42,49190,16411,16299,17736,17437,17536,7290,51,0,0,527195,0,1994,49190,16411,16299,17736,17437,17536,7290,51,0,0,527195,0,289,49190,16411,16299,17736,17437,17536,7290,51,0,0,527195,0,83,49190,16411,16299,17736,17437,17536,7290,51,0,0,527195,0,51,49190,16411,16299,17736,17437,17536,7290,51,0,0,527195,0,45,49190,16411,16299,17736,17437,17536,7290,51,0,0,527195,0,44,49190,16411,16299,17736,17437,17536,7290,51,0,0,527195,0,43,49190,16411,16299,17736,17437,17536,7290,51,0,0,527195,0,49,49190,16411,16299,17736,17437,17536,7290,51,0
3,0,527195,0,42,49190,16411,16299,17736,17437,17536,7290,51,0,0,527195,0,1994,49190,16411,16299,17736,17437,17536,7290,51,0,0,527195,0,289,49190,16411,16299,17736,17437,17536,7290,51,0,0,527195,0,83,49190,16411,16299,17736,17437,17536,7290,51,0,0,527195,0,51,49190,16411,16299,17736,17437,17536,7290,51,0,0,527195,0,45,49190,16411,16299,17736,17437,17536,7290,51,0,0,527195,0,44,49190,16411,16299,17736,17437,17536,7290,51,0,0,527195,0,43,49190,16411,16299,17736,17437,17536,7290,51,0,0,527195,0,49,49190,16411,16299,17736,17437,17536,7290,51,0,0,527195,0,45,49190,16411,16299,17736,17437,17536,7290,51,0
3,0,527195,0,1994,49190,16411,16299,17736,17437,17536,7290,51,0,0,527195,0,289,49190,16411,16299,17736,17437,17536,7290,51,0,0,527195,0,83,49190,16411,16299,17736,17437,17536,7290,51,0,0,527195,0,51,49190,16411,16299,17736,17437,17536,7290,51,0,0,527195,0,45,49190,16411,16299,17736,17437,17536,7290,51,0,0,527195,0,44,49190,16411,16299,17736,17437,17536,7290,51,0,0,527195,0,43,49190,16411,16299,17736,17437,17536,7290,51,0,0,527195,0,49,49190,16411,16299,17736,17437,17536,7290,51,0,0,527195,0,45,49190,16411,16299,17736,17437,17536,7290,51,0,0,819938,0,48,24406,9054,7322,14244,30710,20107,10744,25,0
3,0,527195,0,289,49190,16411,16299,17736,17437,17536,7290,51,0,0,527195,0,83,49190,16411,16299,17736,17437,17536,7290,51,0,0,527195,0,51,49190,16411,16299,17736,17437,17536,7290,51,0,0,527195,0,45,49190,16411,16299,17736,17437,17536,7290,51,0,0,527195,0,44,49190,16411,16299,17736,17437,17536,7290,51,0,0,527195,0,43,49190,16411,16299,17736,17437,17536,7290,51,0,0,527195,0,49,49190,16411,16299,17736,17437,17536,7290,51,0,0,527195,0,45,49190,16411,16299,17736,17437,17536,7290,51,0,0,819938,0,48,24406,9054,7322,14244,30710,20107,10744,25,0,0,819938,0,-2048,24406,9054,7322,14244,30710,20107,10744,25,0
3,0,527195,0,83,49190,16411,16299,17736,17437,17536,7290,51,0,0,527195,0,51,49190,16411,16299,17736,17437,17536,7290,51,0,0,527195,0,45,49190,16411,16299,17736,17437,17536,7290,51,0,0,527195,0,44,49190,16411,16299,17736,17437,17536,7290,51,0,0,527195,0,43,49190,16411,16299,17736,17437,17536,7290,51,0,0,527195,0,49,49190,16411,16299,17736,17437,17536,7290,51,0,0,527195,0,45,49190,16411,16299,17736,17437,17536,7290,51,0,0,819938,0,48,24406,9054,7322,14244,30710,20107,10744,25,0,0,819938,0,-2048,24406,9054,7322,14244,30710,20107,10744,25,0,0,819938,0,1021,24406,9054,7322,14244,30710,20107,10744,25,0
3,0,527195,0,51,49190,16411,16299,17736,17437,17536,7290,51,0,0,527195,0,45,49190,16411,16299,17736,17437,17536,7290,51,0,0,527195,0,44,49190,16411,16299,17736,17437,17536,7290,51,0,0,527195,0,43,49190,16411,16299,17736,17437,17536,7290,51,0,0,527195,0,49,49190,16411,16299,17736,17437,17536,7290,51,0,0,527195,0,45,49190,16411,16299,17736,17437,17536,7290,51,0,0,819938,0,48,24406,9054,7322,14244,30710,20107,10744,25,0,0,819938,0,-2048,24406,9054,7322,14244,30710,20107,10744,25,0,0,819938,0,1021,24406,9054,7322,14244,30710,20107,10744,25,0,0,819938,0,197,24406,9054,7322,14244,30710,20107,10744,25,0
3,0,527195,0,45,49190,16411,16299,17736,17437,17536,7290,51,0,0,527195,0,44,49190,16411,16299,17736,17437,17536,7290,51,0,0,527195,0,43,49190,16411,16299,17736,17437,17536,7290,51,0,0,527195,0,49,49190,16411,16299,17736,17437,17536,7290,51,0,0,527195,0,45,49190,16411,16299,17736,17437,17536,7290,51,0,0,819938,0,48,24406,9054,7322,14244,30710,20107,10744,25,0,0,819938,0,-2048,24406,9054,7322,14244,30710,20107,10744,25,0,0,819938,0,1021,24406,9054,7322,14244,30710,20107,10744,25,0,0,819938,0,197,24406,9054,7322,14244,30710,20107,10744,25,0,0,819938,0,68,24406,9054,7322,14244,30710,20107,10744,25,0
3,0,527195,0,44,49190,16411,16299,17736,17437,17536,7290,51,0,0,527195,0,43,49190,16411,16299,17736,17437,17536,7290,51,0,0,527195,0,49,49190,16411,16299,17736,17437,17536,7290,51,0,0,527195,0,45,49190,16411,16299,17736,17437,17536,7290,51,0,0,819938,0,48,24406,9054,7322,14244,30710,20107,10744,25,0,0,819938,0,-2048,24406,9054,7322,14244,30710,20107,10744,25,0,0,819938,0,1021,24406,9054,7322,14244,30710,20107,10744,25,0,0,819938,0,197,24406,9054,7322,14244,30710,20107,10744,25,0,0,819938,0,68,24406,9054,7322,14244,30710,20107,10744,25,0,0,819938,0,50,24406,9054,7322,14244,30710,20107,10744,25,0
3,0,527195,0,43,49190,16411,16299,17736,17437,17536,7290,51,0,0,527195,0,49,49190,16411,16299,17736,17437,17536,7290,51,0,0,527195,0,45,49190,16411,16299,17736,17437,17536,7290,51,0,0,819938,0,48,24406,9054,7322,14244,30710,20107,10744,25,0,0,819938,0,-2048,24406,9054,7322,14244,30710,20107,10744,25,0,0,819938,0,1021,24406,9054,7322,14244,30710,20107,10744,25,0,0,819938,0,197,24406,9054,7322,14244,30710,20107,10744,25,0,0,819938,0,68,24406,9054,7322,14244,30710,20107,10744,25,0,0,819938,0,50,24406,9054,7322,14244,30710,20107,10744,25,0,0,819938,0,44,24406,9054,7322,14244,30710,20107,10744,25,0
3,0,527195,0,49,49190,16411,16299,17736,17437,17536,7290,51,0,0,527195,0,45,49190,16411,16299,17736,17437,17536,7290,51,0,0,819938,0,48,24406,9054,7322,14244,30710,20107,10744,25,0,0,819938,0,-2048,24406,9054,7322,14244,30710,20107,10744,25,0,0,819938,0,1021,24406,9054,7322,14244,30710,20107,10744,25,0,0,819938,0,197,24406,9054,7322,14244,30710,20107,10744,25,0,0,819938,0,68,24406,9054,7322,14244,30710,20107,10744,25,0,0,819938,0,50,24406,9054,7322,14244,30710,20107,10744,25,0,0,819938,0,44,24406,9054,7322,14244,30710,20107,10744,25,0,0,819938,0,44,24406,9054,7322,14244,30710,20107,10744,25,0
3,0,527195,0,45,49190,16411,16299,17736,17437,17536,7290,51,0,0,819938,0,48,24406,9054,7322,14244,30710,20107,10744,25,0,0,819938,0,-2048,24406,9054,7322,14244,30710,20107,10744,25,0,0,819938,0,1021,24406,9054,7322,14244,30710,20107,10744,25,0,0,819938,0,197,24406,9054,7322,14244,30710,20107,10744,25,0,0,819938,0,68,24406,9054,7322,14244,30710,20107,10744,25,0,0,819938,0,50,24406,9054,7322,14244,30710,20107,10744,25,0,0,819938,0,44,24406,9054,7322,14244,30710,20107,10744,25,0,0,819938,0,44,24406,9054,7322,14244,30710,20107,10744,25,0,0,819938,0,45,24406,9054,7322,14244,30710,20107,10744,25,0
3,0,819938,0,48,24406,9054,7322,14244,30710,20107,10744,25,0,0,819938,0,-2048,24406,9054,7322,14244,30710,20107,10744,25,0,0,819938,0,1021,24406,9054,7322,14244,30710,20107,10744,25,0,0,819938,0,197,24406,9054,7322,14244,30710,20107,10744,25,0,0,819938,0,68,24406,9054,7322,14244,30710,20107,10744,25,0,0,819938,0,50,24406,9054,7322,14244,30710,20107,10744,25,0,0,819938,0,44,24406,9054,7322,14244,30710,20107,10744,25,0,0,819938,0,44,24406,9054,7322,14244,30710,20107,10744,25,0,0,819938,0,45,24406,9054,7322,14244,30710,20107,10744,25,0,0,819938,0,20,24406,9054,7322,14244,30710,20107,10744,25,0
3,0,819938,0,-2048,24406,9054,7322,14244,30710,20107,10744,25,0,0,819938,0,1021,24406,9054,7322,14244,30710,20107,10744,25,0,0,819938,0,197,24406,9054,7322,14244,30710,20107,10744,25,0,0,819938,0,68,24406,9054,7322,14244,30710,20107,10744,25,0,0,819938,0,50,24406,9054,7322,14244,30710,20107,10744,25,0,0,819938,0,44,24406,9054,7322,14244,30710,20107,10744,25,0,0,819938,0,44,24406,9054,7322,14244,30710,20107,10744,25,0,0,819938,0,45,24406,9054,7322,14244,30710,20107,10744,25,0,0,819938,0,20,24406,9054,7322,14244,30710,20107,10744,25,0,0,288404,0,288,1270095,1139923,749511,108874,81830,115451,100360,51,0
3,0,819938,0,1021,24406,9054,7322,14244,30710,20107,10744,25,0,0,819938,0,197,24406,9054,7322,14244,30710,20107,10744,25,0,0,819938,0,68,24406,9054,7322,14244,30710,20107,10744,25,0,0,819938,0,50,24406,9054,7322,14244,30710,20107,10744,25,0,0,819938,0,44,24406,9054,7322,14244,30710,20107,10744,25,0,0,819938,0,44,24406,9054,7322,14244,30710,20107,10744,25,0,0,819938,0,45,24406,9054,7322,14244,30710,20107,10744,25,0,0,819938,0,20,24406,9054,7322,14244,30710,20107,10744,25,0,0,288404,0,288,1270095,1139923,749511,108874,81830,115451,100360,51,0,0,288404,0,92,1270095,1139923,749511,108874,81830,115451,100360,51,0
3,0,819938,0,197,24406,9054,7322,14244,30710,20107,10744,25,0,0,819938,0,68,24406,9054,7322,14244,30710,20107,10744,25,0,0,819938,0,50,24406,9054,7322,14244,30710,20107,10744,25,0,0,819938,0,44,24406,9054,7322,14244,30710,20107,10744,25,0,0,819938,0,44,24406,9054,7322,14244,30710,20107,10744,25,0,0,819938,0,45,24406,9054,7322,14244,30710,20107,10744,25,0,0,819938,0,20,24406,9054,7322,14244,30710,20107,10744,25,0,0,288404,0,288,1270095,1139923,749511,108874,81830,115451,100360,51,0,0,288404,0,92,1270095,1139923,749511,108874,81830,115451,100360,51,0,0,288404,0,-1497,1270095,1139923,749511,108874,81830,115451,100360,51,0
3,0,819938,0,68,24406,9054,7322,14244,30710,20107,10744,25,0,0,819938,0,50,24406,9054,7322,14244,30710,20107,10744,25,0,0,819938,0,44,24406,9054,7322,14244,30710,20107,10744,25,0,0,819938,0,44,24406,9054,7322,14244,30710,20107,10744,25,0,0,819938,0,45,24406,9054,7322,14244,30710,20107,10744,25,0,0,819938,0,20,24406,9054,7322,14244,30710,20107,10744,25,0,0,288404,0,288,1270095,1139923,749511,108874,81830,115451,100360,51,0,0,288404,0,92,1270095,1139923,749511,108874,81830,115451,100360,51,0,0,288404,0,-1497,1270095,1139923,749511,108874,81830,115451,100360,51,0,0,288404,0,2047,1270095,1139923,749511,108874,81830,115451,100360,51,0
3,0,819938,0,50,24406,9054,7322,14244,30710,20107,10744,25,0,0,819938,0,44,24406,9054,7322,14244,30710,20107,10744,25,0,0,819938,0,44,24406,9054,7322,14244,30710,20107,10744,25,0,0,819938,0,45,24406,9054,7322,14244,30710,20107,10744,25,0,0,819938,0,20,24406,9054,7322,14244,30710,20107,10744,25,0,0,288404,0,288,1270095,1139923,749511,108874,81830,115451,100360,51,0,0,288404,0,92,1270095,1139923,749511,108874,81830,115451,100360,51,0,0,288404,0,-1497,1270095,1139923,749511,108874,81830,115451,100360,51,0,0,288404,0,2047,1270095,1139923,749511,108874,81830,115451,100360,51,0,0,288404,0,721,1270095,1139923,749511,108874,81830,115451,100360,51,0
3,0,819938,0,44,24406,9054,7322,14244,30710,20107,10744,25,0,0,819938,0,44,24406,9054,7322,14244,30710,20107,10744,25,0,0,819938,0,45,24406,9054,7322,14244,30710,20107,10744,25,0,0,819938,0,20,24406,9054,7322,14244,30710,20107,10744,25,0,0,288404,0,288,1270095,1139923,749511,108874,81830,115451,100360,51,0,0,288404,0,92,1270095,1139923,749511,108874,81830,115451,100360,51,0,0,288404,0,-1497,1270095,1139923,749511,108874,81830,115451,100360,51,0,0,288404,0,2047,1270095,1139923,749511,108874,81830,115451,100360,51,0,0,288404,0,721,1270095,1139923,749511,108874,81830,115451,100360,51,0,0,288404,0,121,1270095,1139923,749511,108874,81830,115451,100360,51,0
3,0,819938,0,44,24406,9054,7322,14244,30710,20107,10744,25,0,0,819938,0,45,24406,9054,7322,14244,30710,20107,10744,25,0,0,819938,0,20,24406,9054,7322,14244,30710,20107,10744,25,0,0,288404,0,288,1270095,1139923,749511,108874,81830,115451,100360,51,0,0,288404,0,92,1270095,1139923,749511,108874,81830,115451,100360,51,0,0,288404,0,-1497,1270095,1139923,749511,108874,81830,115451,100360,51,0,0,288404,0,2047,1270095,1139923,749511,108874,81830,115451,100360,51,0,0,288404,0,721,1270095,1139923,749511,108874,81830,115451,100360,51,0,0,288404,0,121,1270095,1139923,749511,108874,81830,115451,100360,51,0,0,288404,0,57,1270095,1139923,749511,108874,81830,115451,100360,51,0
3,0,819938,0,45,24406,9054,7322,14244,30710,20107,10744,25,0,0,819938,0,20,24406,9054,7322,14244,30710,20107,10744,25,0,0,288404,0,288,1270095,1139923,749511,108874,81830,115451,100360,51,0,0,288404,0,92,1270095,1139923,749511,108874,81830,115451,100360,51,0,0,288404,0,-1497,1270095,1139923,749511,108874,81830,115451,100360,51,0,0,288404,0,2047,1270095,1139923,749511,108874,81830,115451,100360,51,0,0,288404,0,721,1270095,1139923,749511,108874,81830,115451,100360,51,0,0,288404,0,121,1270095,1139923,749511,108874,81830,115451,100360,51,0,0,288404,0,57,1270095,1139923,749511,108874,81830,115451,100360,51,0,0,288404,0,48,1270095,1139923,749511,108874,81830,115451,100360,51,0
3,0,819938,0,20,24406,9054,7322,14244,30710,20107,10744,25,0,0,288404,0,288,1270095,1139923,749511,108874,81830,115451,100360,51,0,0,288404,0,92,1270095,1139923,749511,108874,81830,115451,100360,51,0,0,288404,0,-1497,1270095,1139923,749511,108874,81830,115451,100360,51,0,0,288404,0,2047,1270095,1139923,749511,108874,81830,115451,100360,51,0,0,288404,0,721,1270095,1139923,749511,108874,81830,115451,100360,51,0,0,288404,0,121,1270095,1139923,749511,108874,81830,115451,100360,51,0,0,288404,0,57,1270095,1139923,749511,108874,81830,115451,100360,51,0,0,288404,0,48,1270095,1139923,749511,108874,81830,115451,100360,51,0,0,288404,0,44,1270095,1139923,749511,108874,81830,115451,100360,51,0
3,0,288404,0,288,1270095,1139923,749511,108874,81830,115451,100360,51,0,0,288404,0,92,1270095,1139923,749511,108874,81830,115451,100360,51,0,0,288404,0,-1497,1270095,1139923,749511,108874,81830,115451,100360,51,0,0,288404,0,2047,1270095,1139923,749511,108874,81830,115451,100360,51,0,0,288404,0,721,1270095,1139923,749511,108874,81830,115451,100360,51,0,0,288404,0,121,1270095,1139923,749511,108874,81830,115451,100360,51,0,0,288404,0,57,1270095,1139923,749511,108874,81830,115451,100360,51,0,0,288404,0,48,1270095,1139923,749511,108874,81830,115451,100360,51,0,0,288404,0,44,1270095,1139923,749511,108874,81830,115451,100360,51,0,0,288404,0,43,1270095,1139923,749511,108874,81830,115451,100360,51,0
3,0,288404,0,92,1270095,1139923,749511,108874,81830,115451,100360,51,0,0,288404,0,-1497,1270095,1139923,749511,108874,81830,115451,100360,51,0,0,288404,0,2047,1270095,1139923,749511,108874,81830,115451,100360,51,0,0,288404,0,721,1270095,1139923,749511,108874,81830,115451,100360,51,0,0,288404,0,121,1270095,1139923,749511,108874,81830,115451,100360,51,0,0,288404,0,57,1270095,1139923,749511,108874,81830,115451,100360,51,0,0,288404,0,48,1270095,1139923,749511,108874,81830,115451,100360,51,0,0,288404,0,44,1270095,1139923,749511,108874,81830,115451,100360,51,0,0,288404,0,43,1270095,1139923,749511,108874,81830,115451,100360,51,0,0,787230,0,44,367667,70575,80579,70054,24103,24837,147767,51,0
3,0,288404,0,-1497,1270095,1139923,749511,108874,81830,115451,100360,51,0,0,288404,0,2047,1270095,1139923,749511,108874,81830,115451,100360,51,0,0,288404,0,721,1270095,1139923,749511,108874,81830,115451,100360,51,0,0,288404,0,121,1270095,1139923,749511,108874,81830,115451,100360,51,0,0,288404,0,57,1270095,1139923,749511,108874,81830,115451,100360,51,0,0,288404,0,48,1270095,1139923,749511,108874,81830,115451,100360,51,0,0,288404,0,44,1270095,1139923,749511,108874,81830,115451,100360,51,0,0,288404,0,43,1270095,1139923,749511,108874,81830,115451,100360,51,0,0,787230,0,44,367667,70575,80579,70054,24103,24837,147767,51,0,0,787230,0,51,367667,70575,80579,70054,24103,24837,147767,51,0
3,0,288404,0,2047,1270095,1139923,749511,108874,81830,115451,100360,51,0,0,288404,0,721,1270095,1139923,749511,108874,81830,115451,100360,51,0,0,288404,0,121,1270095,1139923,749511,108874,81830,115451,100360,51,0,0,288404,0,57,1270095,1139923,749511,108874,81830,115451,100360,51,0,0,288404,0,48,1270095,1139923,749511,108874,81830,115451,100360,51,0,0,288404,0,44,1270095,1139923,749511,108874,81830,115451,100360,51,0,0,288404,0,43,1270095,1139923,749511,108874,81830,115451,100360,51,0,0,787230,0,44,367667,70575,80579,70054,24103,24837,147767,51,0,0,787230,0,51,367667,70575,80579,70054,24103,24837,147767,51,0,0,787230,0,49,367667,70575,80579,70054,24103,24837,147767,51,0
3,0,288404,0,721,1270095,1139923,749511,108874,81830,115451,100360,51,0,0,288404,0,121,1270095,1139923,749511,108874,81830,115451,100360,51,0,0,288404,0,57,1270095,1139923,749511,108874,81830,115451,100360,51,0,0,288404,0,48,1270095,1139923,749511,108874,81830,115451,100360,51,0,0,288404,0,44,1270095,1139923,749511,108874,81830,115451,100360,51,0,0,288404,0,43,1270095,1139923,749511,108874,81830,115451,100360,51,0,0,787230,0,44,367667,70575,80579,70054,24103,24837,147767,51,0,0,787230,0,51,367667,70575,80579,70054,24103,24837,147767,51,0,0,787230,0,49,367667,70575,80579,70054,24103,24837,147767,51,0,0,787230,0,49,367667,70575,80579,70054,24103,24837,147767,51,0
3,0,288404,0,121,1270095,1139923,749511,108874,81830,115451,100360,51,0,0,288404,0,57,1270095,1139923,749511,108874,81830,115451,100360,51,0,0,288404,0,48,1270095,1139923,749511,108874,81830,115451,100360,51,0,0,288404,0,44,1270095,1139923,749511,108874,81830,115451,100360,51,0,0,288404,0,43,1270095,1139923,749511,108874,81830,115451,100360,51,0,0,787230,0,44,367667,70575,80579,70054,24103,24837,147767,51,0,0,787230,0,51,367667,70575,80579,70054,24103,24837,147767,51,0,0,787230,0,49,367667,70575,80579,70054,24103,24837,147767,51,0,0,787230,0,49,367667,70575,80579,70054,24103,24837,147767,51,0,0,787230,0,2047,367667,70575,80579,70054,24103,24837,147767,51,0
3,0,288404,0,57,1270095,1139923,749511,108874,81830,115451,100360,51,0,0,288404,0,48,1270095,1139923,749511,108874,81830,115451,100360,51,0,0,288404,0,44,1270095,1139923,749511,108874,81830,115451,100360,51,0,0,288404,0,43,1270095,1139923,749511,108874,81830,115451,100360,51,0,0,787230,0,44,367667,70575,80579,70054,24103,24837,147767,51,0,0,787230,0,51,367667,70575,80579,70054,24103,24837,147767,51,0,0,787230,0,49,367667,70575,80579,70054,24103,24837,147767,51,0,0,787230,0,49,367667,70575,80579,70054,24103,24837,147767,51,0,0,787230,0,2047,367667,70575,80579,70054,24103,24837,147767,51,0,0,787230,0,295,367667,70575,80579,70054,24103,24837,147767,51,0
3,0,288404,0,48,1270095,1139923,749511,108874,81830,115451,100360,51,0,0,288404,0,44,1270095,1139923,749511,108874,81830,115451,100360,51,0,0,288404,0,43,1270095,1139923,749511,108874,81830,115451,100360,51,0,0,787230,0,44,367667,70575,80579,70054,24103,24837,147767,51,0,0,787230,0,51,367667,70575,80579,70054,24103,24837,147767,51,0,0,787230,0,49,367667,70575,80579,70054,24103,24837,147767,51,0,0,787230,0,49,367667,70575,80579,70054,24103,24837,147767,51,0,0,787230,0,2047,367667,70575,80579,70054,24103,24837,147767,51,0,0,787230,0,295,367667,70575,80579,70054,24103,24837,147767,51,0,0,787230,0,84,367667,70575,80579,70054,24103,24837,147767,51,0
3,0,288404,0,44,1270095,1139923,749511,108874,81830,115451,100360,51,0,0,288404,0,43,1270095,1139923,749511,108874,81830,115451,100360,51,0,0,787230,0,44,367667,70575,80579,70054,24103,24837,147767,51,0,0,787230,0,51,367667,70575,80579,70054,24103,24837,147767,51,0,0,787230,0,49,367667,70575,80579,70054,24103,24837,147767,51,0,0,787230,0,49,367667,70575,80579,70054,24103,24837,147767,51,0,0,787230,0,2047,367667,70575,80579,70054,24103,24837,147767,51,0,0,787230,0,295,367667,70575,80579,70054,24103,24837,147767,51,0,0,787230,0,84,367667,70575,80579,70054,24103,24837,147767,51,0,0,787230,0,51,367667,70575,80579,70054,24103,24837,147767,51,0
3,0,288404,0,43,1270095,1139923,749511,108874,81830,115451,100360,51,0,0,787230,0,44,367667,70575,80579,70054,24103,24837,147767,51,0,0,787230,0,51,367667,70575,80579,70054,24103,24837,147767,51,0,0,787230,0,49,367667,70575,80579,70054,24103,24837,147767,51,0,0,787230,0,49,367667,70575,80579,70054,24103,24837,147767,51,0,0,787230,0,2047,367667,70575,80579,70054,24103,24837,147767,51,0,0,787230,0,295,367667,70575,80579,70054,24103,24837,147767,51,0,0,787230,0,84,367667,70575,80579,70054,24103,24837,147767,51,0,0,787230,0,51,367667,70575,80579,70054,24103,24837,147767,51,0,0,787230,0,48,367667,70575,80579,70054,24103,24837,147767,51,0
3,0,787230,0,44,367667,70575,80579,70054,24103,24837,147767,51,0,0,787230,0,51,367667,70575,80579,70054,24103,24837,147767,51,0,0,787230,0,49,367667,70575,80579,70054,24103,24837,147767,51,0,0,787230,0,49,367667,70575,80579,70054,24103,24837,147767,51,0,0,787230,0,2047,367667,70575,80579,70054,24103,24837,147767,51,0,0,787230,0,295,367667,70575,80579,70054,24103,24837,147767,51,0,0,787230,0,84,367667,70575,80579,70054,24103,24837,147767,51,0,0,787230,0,51,367667,70575,80579,70054,24103,24837,147767,51,0,0,787230,0,48,367667,70575,80579,70054,24103,24837,147767,51,0,0,787230,0,44,367667,70575,80579,70054,24103,24837,147767,51,0
3,0,787230,0,51,367667,70575,80579,70054,24103,24837,147767,51,0,0,787230,0,49,367667,70575,80579,70054,24103,24837,147767,51,0,0,787230,0,49,367667,70575,80579,70054,24103,24837,147767,51,0,0,787230,0,2047,367667,70575,80579,70054,24103,24837,147767,51,0,0,787230,0,295,367667,70575,80579,70054,24103,24837,147767,51,0,0,787230,0,84,367667,70575,80579,70054,24103,24837,147767,51,0,0,787230,0,51,367667,70575,80579,70054,24103,24837,147767,51,0,0,787230,0,48,367667,70575,80579,70054,24103,24837,147767,51,0,0,787230,0,44,367667,70575,80579,70054,24103,24837,147767,51,0,0,413342,0,-691,621153,661375,345955,164109,198203,51450,66362,51,0
3,0,787230,0,49,367667,70575,80579,70054,24103,24837,147767,51,0,0,787230,0,49,367667,70575,80579,70054,24103,24837,147767,51,0,0,787230,0,2047,367667,70575,80579,70054,24103,24837,147767,51,0,0,787230,0,295,367667,70575,80579,70054,24103,24837,147767,51,0,0,787230,0,84,367667,70575,80579,70054,24103,24837,147767,51,0,0,787230,0,51,367667,70575,80579,70054,24103,24837,147767,51,0,0,787230,0,48,367667,70575,80579,70054,24103,24837,147767,51,0,0,787230,0,44,367667,70575,80579,70054,24103,24837,147767,51,0,0,413342,0,-691,621153,661375,345955,164109,198203,51450,66362,51,0,0,413342,0,-643,621153,661375,345955,164109,198203,51450,66362,51,0
3,0,787230,0,49,367667,70575,80579,70054,24103,24837,147767,51,0,0,787230,0,2047,367667,70575,80579,70054,24103,24837,147767,51,0,0,787230,0,295,367667,70575,80579,70054,24103,24837,147767,51,0,0,787230,0,84,367667,70575,80579,70054,24103,24837,147767,51,0,0,787230,0,51,367667,70575,80579,70054,24103,24837,147767,51,0,0,787230,0,48,367667,70575,80579,70054,24103,24837,147767,51,0,0,787230,0,44,367667,70575,80579,70054,24103,24837,147767,51,0,0,413342,0,-691,621153,661375,345955,164109,198203,51450,66362,51,0,0,413342,0,-643,621153,661375,345955,164109,198203,51450,66362,51,0,0,413342,0,-58,621153,661375,345955,164109,198203,51450,66362,51,0
3,0,787230,0,2047,367667,70575,80579,70054,24103,24837,147767,51,0,0,787230,0,295,367667,70575,80579,70054,24103,24837,147767,51,0,0,787230,0,84,367667,70575,80579,70054,24103,24837,147767,51,0,0,787230,0,51,367667,70575,80579,70054,24103,24837,147767,51,0,0,787230,0,48,367667,70575,80579,70054,24103,24837,147767,51,0,0,787230,0,44,367667,70575,80579,70054,24103,24837,147767,51,0,0,413342,0,-691,621153,661375,345955,164109,198203,51450,66362,51,0,0,413342,0,-643,621153,661375,345955,164109,198203,51450,66362,51,0,0,413342,0,-58,621153,661375,345955,164109,198203,51450,66362,51,0,0,413342,0,1252,621153,661375,345955,164109,198203,51450,66362,51,0
3,0,787230,0,295,367667,70575,80579,70054,24103,24837,147767,51,0,0,787230,0,84,367667,70575,80579,70054,24103,24837,147767,51,0,0,787230,0,51,367667,70575,80579,70054,24103,24837,147767,51,0,0,787230,0,48,367667,70575,80579,70054,24103,24837,147767,51,0,0,787230,0,44,367667,70575,80579,70054,24103,24837,147767,51,0,0,413342,0,-691,621153,661375,345955,164109,198203,51450,66362,51,0,0,413342,0,-643,621153,661375,345955,164109,198203,51450,66362,51,0,0,413342,0,-58,621153,661375,345955,164109,198203,51450,66362,51,0,0,413342,0,1252,621153,661375,345955,164109,198203,51450,66362,51,0,0,413342,0,1910,621153,661375,345955,164109,198203,51450,66362,51,0
3,0,787230,0,84,367667,70575,80579,70054,24103,24837,147767,51,0,0,787230,0,51,367667,70575,80579,70054,24103,24837,147767,51,0,0,787230,0,48,367667,70575,80579,70054,24103,24837,147767,51,0,0,787230,0,44,367667,70575,80579,70054,24103,24837,147767,51,0,0,413342,0,-691,621153,661375,345955,164109,198203,51450,66362,51,0,0,413342,0,-643,621153,661375,345955,164109,198203,51450,66362,51,0,0,413342,0,-58,621153,661375,345955,164109,198203,51450,66362,51,0,0,413342,0,1252,621153,661375,345955,164109,198203,51450,66362,51,0,0,413342,0,1910,621153,661375,345955,164109,198203,51450,66362,51,0,0,413342,0,-2048,621153,661375,345955,164109,198203,51450,66362,51,0
3,0,787230,0,51,367667,70575,80579,70054,24103,24837,147767,51,0,0,787230,0,48,367667,70575,80579,70054,24103,24837,147767,51,0,0,787230,0,44,367667,70575,80579,70054,24103,24837,147767,51,0,0,413342,0,-691,621153,661375,345955,164109,198203,51450,66362,51,0,0,413342,0,-643,621153,661375,345955,164109,198203,51450,66362,51,0,0,413342,0,-58,621153,661375,345955,164109,198203,51450,66362,51,0,0,413342,0,1252,621153,661375,345955,164109,198203,51450,66362,51,0,0,413342,0,1910,621153,661375,345955,164109,198203,51450,66362,51,0,0,413342,0,-2048,621153,661375,345955,164109,198203,51450,66362,51,0,0,413342,0,924,621153,661375,345955,164109,198203,51450,66362,51,0
3,0,787230,0,48,367667,70575,80579,70054,24103,24837,147767,51,0,0,787230,0,44,367667,70575,80579,70054,24103,24837,147767,51,0,0,413342,0,-691,621153,661375,345955,164109,198203,51450,66362,51,0,0,413342,0,-643,621153,661375,345955,164109,198203,51450,66362,51,0,0,413342,0,-58,621153,661375,345955,164109,198203,51450,66362,51,0,0,413342,0,1252,621153,661375,345955,164109,198203,51450,66362,51,0,0,413342,0,1910,621153,661375,345955,164109,198203,51450,66362,51,0,0,413342,0,-2048,621153,661375,345955,164109,198203,51450,66362,51,0,0,413342,0,924,621153,661375,345955,164109,198203,51450,66362,51,0,0,413342,0,181,621153,661375,345955,164109,198203,51450,66362,51,0
3,0,787230,0,44,367667,70575,80579,70054,24103,24837,147767,51,0,0,413342,0,-691,621153,661375,345955,164109,198203,51450,66362,51,0,0,413342,0,-643,621153,661375,345955,164109,198203,51450,66362,51,0,0,413342,0,-58,621153,661375,345955,164109,198203,51450,66362,51,0,0,413342,0,1252,621153,661375,345955,164109,198203,51450,66362,51,0,0,413342,0,1910,621153,661375,345955,164109,198203,51450,66362,51,0,0,413342,0,-2048,621153,661375,345955,164109,198203,51450,66362,51,0,0,413342,0,924,621153,661375,345955,164109,198203,51450,66362,51,0,0,413342,0,181,621153,661375,345955,164109,198203,51450,66362,51,0,0,413342,0,66,621153,661375,345955,164109,198203,51450,66362,51,0
3,0,413342,0,-691,621153,661375,345955,164109,198203,51450,66362,51,0,0,413342,0,-643,621153,661375,345955,164109,198203,51450,66362,51,0,0,413342,0,-58,621153,661375,345955,164109,198203,51450,66362,51,0,0,413342,0,1252,621153,661375,345955,164109,198203,51450,66362,51,0,0,413342,0,1910,621153,661375,345955,164109,198203,51450,66362,51,0,0,413342,0,-2048,621153,661375,345955,164109,198203,51450,66362,51,0,0,413342,0,924,621153,661375,345955,164109,198203,51450,66362,51,0,0,413342,0,181,621153,661375,345955,164109,198203,51450,66362,51,0,0,413342,0,66,621153,661375,345955,164109,198203,51450,66362,51,0,0,1565436,0,49,388908,340789,179668,42138,55042,60679,32536,51,0
3,0,413342,0,-643,621153,661375,345955,164109,198203,51450,66362,51,0,0,413342,0,-58,621153,661375,345955,164109,198203,51450,66362,51,0,0,413342,0,1252,621153,661375,345955,164109,198203,51450,66362,51,0,0,413342,0,1910,621153,661375,345955,164109,198203,51450,66362,51,0,0,413342,0,-2048,621153,661375,345955,164109,198203,51450,66362,51,0,0,413342,0,924,621153,661375,345955,164109,198203,51450,66362,51,0,0,413342,0,181,621153,661375,345955,164109,198203,51450,66362,51,0,0,413342,0,66,621153,661375,345955,164109,198203,51450,66362,51,0,0,1565436,0,49,388908,340789,179668,42138,55042,60679,32536,51,0,0,1565436,0,44,388908,340789,179668,42138,55042,60679,32536,51,0
3,0,413342,0,-58,621153,661375,345955,164109,198203,51450,66362,51,0,0,413342,0,1252,621153,661375,345955,164109,198203,51450,66362,51,0,0,413342,0,1910,621153,661375,345955,164109,198203,51450,66362,51,0,0,413342,0,-2048,621153,661375,345955,164109,198203,51450,66362,51,0,0,413342,0,924,621153,661375,345955,164109,198203,51450,66362,51,0,0,413342,0,181,621153,661375,345955,164109,198203,51450,66362,51,0,0,413342,0,66,621153,661375,345955,164109,198203,51450,66362,51,0,0,1565436,0,49,388908,340789,179668,42138,55042,60679,32536,51,0,0,1565436,0,44,388908,340789,179668,42138,55042,60679,32536,51,0,0,1565436,0,44,388908,340789,179668,42138,55042,60679,32536,51,0
3,0,413342,0,1252,621153,661375,345955,164109,198203,51450,66362,51,0,0,413342,0,1910,621153,661375,345955,164109,198203,51450,66362,51,0,0,413342,0,-2048,621153,661375,345955,164109,198203,51450,66362,51,0,0,413342,0,924,621153,661375,345955,164109,198203,51450,66362,51,0,0,413342,0,181,621153,661375,345955,164109,198203,51450,66362,51,0,0,413342,0,66,621153,661375,345955,164109,198203,51450,66362,51,0,0,1565436,0,49,388908,340789,179668,42138,55042,60679,32536,51,0,0,1565436,0,44,388908,340789,179668,42138,55042,60679,32536,51,0,0,1565436,0,44,388908,340789,179668,42138,55042,60679,32536,51,0,0,1565436,0,44,388908,340789,179668,42138,55042,60679,32536,51,0
3,0,413342,0,1910,621153,661375,345955,164109,198203,51450,66362,51,0,0,413342,0,-2048,621153,661375,345955,164109,198203,51450,66362,51,0,0,413342,0,924,621153,661375,345955,164109,198203,51450,66362,51,0,0,413342,0,181,621153,661375,345955,164109,198203,51450,66362,51,0,0,413342,0,66,621153,661375,345955,164109,198203,51450,66362,51,0,0,1565436,0,49,388908,340789,179668,42138,55042,60679,32536,51,0,0,1565436,0,44,388908,340789,179668,42138,55042,60679,32536,51,0,0,1565436,0,44,388908,340789,179668,42138,55042,60679,32536,51,0,0,1565436,0,44,388908,340789,179668,42138,55042,60679,32536,51,0,0,1565436,0,-1480,388908,340789,179668,42138,55042,60679,32536,51,0
3,0,413342,0,-2048,621153,661375,345955,164109,198203,51450,66362,51,0,0,413342,0,924,621153,661375,345955,164109,198203,51450,66362,51,0,0,413342,0,181,621153,661375,345955,164109,198203,51450,66362,51,0,0,413342,0,66,621153,661375,345955,164109,198203,51450,66362,51,0,0,1565436,0,49,388908,340789,179668,42138,55042,60679,32536,51,0,0,1565436,0,44,388908,340789,179668,42138,55042,60679,32536,51,0,0,1565436,0,44,388908,340789,179668,42138,55042,60679,32536,51,0,0,1565436,0,44,388908,340789,179668,42138,55042,60679,32536,51,0,0,1565436,0,-1480,388908,340789,179668,42138,55042,60679,32536,51,0,0,1565436,0,178,388908,340789,179668,42138,55042,60679,32536,51,0
3,0,413342,0,924,621153,661375,345955,164109,198203,51450,66362,51,0,0,413342,0,181,621153,661375,345955,164109,198203,51450,66362,51,0,0,413342,0,66,621153,661375,345955,164109,198203,51450,66362,51,0,0,1565436,0,49,388908,340789,179668,42138,55042,60679,32536,51,0,0,1565436,0,44,388908,340789,179668,42138,55042,60679,32536,51,0,0,1565436,0,44,388908,340789,179668,42138,55042,60679,32536,51,0,0,1565436,0,44,388908,340789,179668,42138,55042,60679,32536,51,0,0,1565436,0,-1480,388908,340789,179668,42138,55042,60679,32536,51,0,0,1565436,0,178,388908,340789,179668,42138,55042,60679,32536,51,0,0,1565436,0,71,388908,340789,179668,42138,55042,60679,32536,51,0
3,0,413342,0,181,621153,661375,345955,164109,198203,51450,66362,51,0,0,413342,0,66,621153,661375,345955,164109,198203,51450,66362,51,0,0,1565436,0,49,388908,340789,179668,42138,55042,60679,32536,51,0,0,1565436,0,44,388908,340789,179668,42138,55042,60679,32536,51,0,0,1565436,0,44,388908,340789,179668,42138,55042,60679,32536,51,0,0,1565436,0,44,388908,340789,179668,42138,55042,60679,32536,51,0,0,1565436,0,-1480,388908,340789,179668,42138,55042,60679,32536,51,0,0,1565436,0,178,388908,340789,179668,42138,55042,60679,32536,51,0,0,1565436,0,71,388908,340789,179668,42138,55042,60679,32536,51,0,0,1565436,0,2047,388908,340789,179668,42138,55042,60679,32536,51,0
3,0,413342,0,66,621153,661375,345955,164109,198203,51450,66362,51,0,0,1565436,0,49,388908,340789,179668,42138,55042,60679,32536,51,0,0,1565436,0,44,388908,340789,179668,42138,55042,60679,32536,51,0,0,1565436,0,44,388908,340789,179668,42138,55042,60679,32536,51,0,0,1565436,0,44,388908,340789,179668,42138,55042,60679,32536,51,0,0,1565436,0,-1480,388908,340789,179668,42138,55042,60679,32536,51,0,0,1565436,0,178,388908,340789,179668,42138,55042,60679,32536,51,0,0,1565436,0,71,388908,340789,179668,42138,55042,60679,32536,51,0,0,1565436,0,2047,388908,340789,179668,42138,55042,60679,32536,51,0,0,1565436,0,405,388908,340789,179668,42138,55042,60679,32536,51,0
3,0,1565436,0,49,388908,340789,179668,42138,55042,60679,32536,51,0,0,1565436,0,44,388908,340789,179668,42138,55042,60679,32536,51,0,0,1565436,0,44,388908,340789,179668,42138,55042,60679,32536,51,0,0,1565436,0,44,388908,340789,179668,42138,55042,60679,32536,51,0,0,1565436,0,-1480,388908,340789,179668,42138,55042,60679,32536,51,0,0,1565436,0,178,388908,340789,179668,42138,55042,60679,32536,51,0,0,1565436,0,71,388908,340789,179668,42138,55042,60679,32536,51,0,0,1565436,0,2047,388908,340789,179668,42138,55042,60679,32536,51,0,0,1565436,0,405,388908,340789,179668,42138,55042,60679,32536,51,0,0,1565436,0,101,388908,340789,179668,42138,55042,60679,32536,51,0
3,0,1565436,0,44,388908,340789,179668,42138,55042,60679,32536,51,0,0,1565436,0,44,388908,340789,179668,42138,55042,60679,32536,51,0,0,1565436,0,44,388908,340789,179668,42138,55042,60679,32536,51,0,0,1565436,0,-1480,388908,340789,179668,42138,55042,60679,32536,51,0,0,1565436,0,178,388908,340789,179668,42138,55042,60679,32536,51,0,0,1565436,0,71,388908,340789,179668,42138,55042,60679,32536,51,0,0,1565436,0,2047,388908,340789,179668,42138,55042,60679,32536,51,0,0,1565436,0,405,388908,340789,179668,42138,55042,60679,32536,51,0,0,1565436,0,101,388908,340789,179668,42138,55042,60679,32536,51,0,0,998310,0,52,26410,13262,17648,19683,17886,21003,9976,51,0
3,0,1565436,0,44,388908,340789,179668,42138,55042,60679,32536,51,0,0,1565436,0,44,388908,340789,179668,42138,55042,60679,32536,51,0,0,1565436,0,-1480,388908,340789,179668,42138,55042,60679,32536,51,0,0,1565436,0,178,388908,340789,179668,42138,55042,60679,32536,51,0,0,1565436,0,71,388908,340789,179668,42138,55042,60679,32536,51,0,0,1565436,0,2047,388908,340789,179668,42138,55042,60679,32536,51,0,0,1565436,0,405,388908,340789,179668,42138,55042,60679,32536,51,0,0,1565436,0,101,388908,340789,179668,42138,55042,60679,32536,51,0,0,998310,0,52,26410,13262,17648,19683,17886,21003,9976,51,0,0,998310,0,44,26410,13262,17648,19683,17886,21003,9976,51,0
3,0,1565436,0,44,388908,340789,179668,42138,55042,60679,32536,51,0,0,1565436,0,-1480,388908,340789,179668,42138,55042,60679,32536,51,0,0,1565436,0,178,388908,340789,179668,42138,55042,60679,32536,51,0,0,1565436,0,71,388908,340789,179668,42138,55042,60679,32536,51,0,0,1565436,0,2047,388908,340789,179668,42138,55042,60679,32536,51,0,0,1565436,0,405,388908,340789,179668,42138,55042,60679,32536,51,0,0,1565436,0,101,388908,340789,179668,42138,55042,60679,32536,51,0,0,998310,0,52,26410,13262,17648,19683,17886,21003,9976,51,0,0,998310,0,44,26410,13262,17648,19683,17886,21003,9976,51,0,0,998310,0,44,26410,13262,17648,19683,17886,21003,9976,51,0
3,0,1565436,0,-1480,388908,340789,179668,42138,55042,60679,32536,51,0,0,1565436,0,178,388908,340789,179668,42138,55042,60679,32536,51,0,0,1565436,0,71,388908,340789,179668,42138,55042,60679,32536,51,0,0,1565436,0,2047,388908,340789,179668,42138,55042,60679,32536,51,0,0,1565436,0,405,388908,340789,179668,42138,55042,60679,32536,51,0,0,1565436,0,101,388908,340789,179668,42138,55042,60679,32536,51,0,0,998310,0,52,26410,13262,17648,19683,17886,21003,9976,51,0,0,998310,0,44,26410,13262,17648,19683,17886,21003,9976,51,0,0,998310,0,44,26410,13262,17648,19683,17886,21003,9976,51,0,0,998310,0,138,26410,13262,17648,19683,17886,21003,9976,51,0
3,0,1565436,0,178,388908,340789,179668,42138,55042,60679,32536,51,0,0,1565436,0,71,388908,340789,179668,42138,55042,60679,32536,51,0,0,1565436,0,2047,388908,340789,179668,42138,55042,60679,32536,51,0,0,1565436,0,405,388908,340789,179668,42138,55042,60679,32536,51,0,0,1565436,0,101,388908,340789,179668,42138,55042,60679,32536,51,0,0,998310,0,52,26410,13262,17648,19683,17886,21003,9976,51,0,0,998310,0,44,26410,13262,17648,19683,17886,21003,9976,51,0,0,998310,0,44,26410,13262,17648,19683,17886,21003,9976,51,0,0,998310,0,138,26410,13262,17648,19683,17886,21003,9976,51,0,0,998310,0,-2048,26410,13262,17648,19683,17886,21003,9976,51,0
3,0,1565436,0,71,388908,340789,179668,42138,55042,60679,32536,51,0,0,1565436,0,2047,388908,340789,179668,42138,55042,60679,32536,51,0,0,1565436,0,405,388908,340789,179668,42138,55042,60679,32536,51,0,0,1565436,0,101,388908,340789,179668,42138,55042,60679,32536,51,0,0,998310,0,52,26410,13262,17648,19683,17886,21003,9976,51,0,0,998310,0,44,26410,13262,17648,19683,17886,21003,9976,51,0,0,998310,0,44,26410,13262,17648,19683,17886,21003,9976,51,0,0,998310,0,138,26410,13262,17648,19683,17886,21003,9976,51,0,0,998310,0,-2048,26410,13262,17648,19683,17886,21003,9976,51,0,0,998310,0,595,26410,13262,17648,19683,17886,21003,9976,51,0
3,0,1565436,0,2047,388908,340789,179668,42138,55042,60679,32536,51,0,0,1565436,0,405,388908,340789,179668,42138,55042,60679,32536,51,0,0,1565436,0,101,388908,340789,179668,42138,55042,60679,32536,51,0,0,998310,0,52,26410,13262,17648,19683,17886,21003,9976,51,0,0,998310,0,44,26410,13262,17648,19683,17886,21003,9976,51,0,0,998310,0,44,26410,13262,17648,19683,17886,21003,9976,51,0,0,998310,0,138,26410,13262,17648,19683,17886,21003,9976,51,0,0,998310,0,-2048,26410,13262,17648,19683,17886,21003,9976,51,0,0,998310,0,595,26410,13262,17648,19683,17886,21003,9976,51,0,0,998310,0,103,26410,13262,17648,19683,17886,21003,9976,51,0
3,0,1565436,0,405,388908,340789,179668,42138,55042,60679,32536,51,0,0,1565436,0,101,388908,340789,179668,42138,55042,60679,32536,51,0,0,998310,0,52,26410,13262,17648,19683,17886,21003,9976,51,0,0,998310,0,44,26410,13262,17648,19683,17886,21003,9976,51,0,0,998310,0,44,26410,13262,17648,19683,17886,21003,9976,51,0,0,998310,0,138,26410,13262,17648,19683,17886,21003,9976,51,0,0,998310,0,-2048,26410,13262,17648,19683,17886,21003,9976,51,0,0,998310,0,595,26410,13262,17648,19683,17886,21003,9976,51,0,0,998310,0,103,26410,13262,17648,19683,17886,21003,9976,51,0,0,998310,0,-1141,26410,13262,17648,19683,17886,21003,9976,51,0
3,0,1565436,0,101,388908,340789,179668,42138,55042,60679,32536,51,0,0,998310,0,52,26410,13262,17648,19683,17886,21003,9976,51,0,0,998310,0,44,26410,13262,17648,19683,17886,21003,9976,51,0,0,998310,0,44,26410,13262,17648,19683,17886,21003,9976,51,0,0,998310,0,138,26410,13262,17648,19683,17886,21003,9976,51,0,0,998310,0,-2048,26410,13262,17648,19683,17886,21003,9976,51,0,0,998310,0,595,26410,13262,17648,19683,17886,21003,9976,51,0,0,998310,0,103,26410,13262,17648,19683,17886,21003,9976,51,0,0,998310,0,-1141,26410,13262,17648,19683,17886,21003,9976,51,0,0,998310,0,-211,26410,13262,17648,19683,17886,21003,9976,51,0
3,0,998310,0,52,26410,13262,17648,19683,17886,21003,9976,51,0,0,998310,0,44,26410,13262,17648,19683,17886,21003,9976,51,0,0,998310,0,44,26410,13262,17648,19683,17886,21003,9976,51,0,0,998310,0,138,26410,13262,17648,19683,17886,21003,9976,51,0,0,998310,0,-2048,26410,13262,17648,19683,17886,21003,9976,51,0,0,998310,0,595,26410,13262,17648,19683,17886,21003,9976,51,0,0,998310,0,103,26410,13262,17648,19683,17886,21003,9976,51,0,0,998310,0,-1141,26410,13262,17648,19683,17886,21003,9976,51,0,0,998310,0,-211,26410,13262,17648,19683,17886,21003,9976,51,0,0,998310,0,-2048,26410,13262,17648,19683,17886,21003,9976,51,0
3,0,998310,0,44,26410,13262,17648,19683,17886,21003,9976,51,0,0,998310,0,44,26410,13262,17648,19683,17886,21003,9976,51,0,0,998310,0,138,26410,13262,17648,19683,17886,21003,9976,51,0,0,998310,0,-2048,26410,13262,17648,19683,17886,21003,9976,51,0,0,998310,0,595,26410,13262,17648,19683,17886,21003,9976,51,0,0,998310,0,103,26410,13262,17648,19683,17886,21003,9976,51,0,0,998310,0,-1141,26410,13262,17648,19683,17886,21003,9976,51,0,0,998310,0,-211,26410,13262,17648,19683,17886,21003,9976,51,0,0,998310,0,-2048,26410,13262,17648,19683,17886,21003,9976,51,0,0,1221290,0,492,697390,105550,24761,74208,237911,199212,184026,51,0
3,0,998310,0,44,26410,13262,17648,19683,17886,21003,9976,51,0,0,998310,0,138,26410,13262,17648,19683,17886,21003,9976,51,0,0,998310,0,-2048,26410,13262,17648,19683,17886,21003,9976,51,0,0,998310,0,595,26410,13262,17648,19683,17886,21003,9976,51,0,0,998310,0,103,26410,13262,17648,19683,17886,21003,9976,51,0,0,998310,0,-1141,26410,13262,17648,19683,17886,21003,9976,51,0,0,998310,0,-211,26410,13262,17648,19683,17886,21003,9976,51,0,0,998310,0,-2048,26410,13262,17648,19683,17886,21003,9976,51,0,0,1221290,0,492,697390,105550,24761,74208,237911,199212,184026,51,0,0,1221290,0,115,697390,105550,24761,74208,237911,199212,184026,51,0
3,0,998310,0,138,26410,13262,17648,19683,17886,21003,9976,51,0,0,998310,0,-2048,26410,13262,17648,19683,17886,21003,9976,51,0,0,998310,0,595,26410,13262,17648,19683,17886,21003,9976,51,0,0,998310,0,103,26410,13262,17648,19683,17886,21003,9976,51,0,0,998310,0,-1141,26410,13262,17648,19683,17886,21003,9976,51,0,0,998310,0,-211,26410,13262,17648,19683,17886,21003,9976,51,0,0,998310,0,-2048,26410,13262,17648,19683,17886,21003,9976,51,0,0,1221290,0,492,697390,105550,24761,74208,237911,199212,184026,51,0,0,1221290,0,115,697390,105550,24761,74208,237911,199212,184026,51,0,0,1221290,0,55,697390,105550,24761,74208,237911,199212,184026,51,0
3,0,998310,0,-2048,26410,13262,17648,19683,17886,21003,9976,51,0,0,998310,0,595,26410,13262,17648,19683,17886,21003,9976,51,0,0,998310,0,103,26410,13262,17648,19683,17886,21003,9976,51,0,0,998310,0,-1141,26410,13262,17648,19683,17886,21003,9976,51,0,0,998310,0,-211,26410,13262,17648,19683,17886,21003,9976,51,0,0,998310,0,-2048,26410,13262,17648,19683,17886,21003,9976,51,0,0,1221290,0,492,697390,105550,24761,74208,237911,199212,184026,51,0,0,1221290,0,115,697390,105550,24761,74208,237911,199212,184026,51,0,0,1221290,0,55,697390,105550,24761,74208,237911,199212,184026,51,0,0,1221290,0,48,697390,105550,24761,74208,237911,199212,184026,51,0
3,0,998310,0,595,26410,13262,17648,19683,17886,21003,9976,51,0,0,998310,0,103,26410,13262,17648,19683,17886,21003,9976,51,0,0,998310,0,-1141,26410,13262,17648,19683,17886,21003,9976,51,0,0,998310,0,-211,26410,13262,17648,19683,17886,21003,9976,51,0,0,998310,0,-2048,26410,13262,17648,19683,17886,21003,9976,51,0,0,1221290,0,492,697390,105550,24761,74208,237911,199212,184026,51,0,0,1221290,0,115,697390,105550,24761,74208,237911,199212,184026,51,0,0,1221290,0,55,697390,105550,24761,74208,237911,199212,184026,51,0,0,1221290,0,48,697390,105550,24761,74208,237911,199212,184026,51,0,0,1221290,0,44,697390,105550,24761,74208,237911,199212,184026,51,0
3,0,998310,0,103,26410,13262,17648,19683,17886,21003,9976,51,0,0,998310,0,-1141,26410,13262,17648,19683,17886,21003,9976,51,0,0,998310,0,-211,26410,13262,17648,19683,17886,21003,9976,51,0,0,998310,0,-2048,26410,13262,17648,19683,17886,21003,9976,51,0,0,1221290,0,492,697390,105550,24761,74208,237911,199212,184026,51,0,0,1221290,0,115,697390,105550,24761,74208,237911,199212,184026,51,0,0,1221290,0,55,697390,105550,24761,74208,237911,199212,184026,51,0,0,1221290,0,48,697390,105550,24761,74208,237911,199212,184026,51,0,0,1221290,0,44,697390,105550,24761,74208,237911,199212,184026,51,0,0,1221290,0,50,697390,105550,24761,74208,237911,199212,184026,51,0
3,0,998310,0,-1141,26410,13262,17648,19683,17886,21003,9976,51,0,0,998310,0,-211,26410,13262,17648,19683,17886,21003,9976,51,0,0,998310,0,-2048,26410,13262,17648,19683,17886,21003,9976,51,0,0,1221290,0,492,697390,105550,24761,74208,237911,199212,184026,51,0,0,1221290,0,115,697390,105550,24761,74208,237911,199212,184026,51,0,0,1221290,0,55,697390,105550,24761,74208,237911,199212,184026,51,0,0,1221290,0,48,697390,105550,24761,74208,237911,199212,184026,51,0,0,1221290,0,44,697390,105550,24761,74208,237911,199212,184026,51,0,0,1221290,0,50,697390,105550,24761,74208,237911,199212,184026,51,0,0,1221290,0,184,697390,105550,24761,74208,237911,199212,184026,51,0
3,0,998310,0,-211,26410,13262,17648,19683,17886,21003,9976,51,0,0,998310,0,-2048,26410,13262,17648,19683,17886,21003,9976,51,0,0,1221290,0,492,697390,105550,24761,74208,237911,199212,184026,51,0,0,1221290,0,115,697390,105550,24761,74208,237911,199212,184026,51,0,0,1221290,0,55,697390,105550,24761,74208,237911,199212,184026,51,0,0,1221290,0,48,697390,105550,24761,74208,237911,199212,184026,51,0,0,1221290,0,44,697390,105550,24761,74208,237911,199212,184026,51,0,0,1221290,0,50,697390,105550,24761,74208,237911,199212,184026,51,0,0,1221290,0,184,697390,105550,24761,74208,237911,199212,184026,51,0,0,1221290,0,-201,697390,105550,24761,74208,237911,199212,184026,51,0
3,0,998310,0,-2048,26410,13262,17648,19683,17886,21003,9976,51,0,0,1221290,0,492,697390,105550,24761,74208,237911,199212,184026,51,0,0,1221290,0,115,697390,105550,24761,74208,237911,199212,184026,51,0,0,1221290,0,55,697390,105550,24761,74208,237911,199212,184026,51,0,0,1221290,0,48,697390,105550,24761,74208,237911,199212,184026,51,0,0,1221290,0,44,697390,105550,24761,74208,237911,199212,184026,51,0,0,1221290,0,50,697390,105550,24761,74208,237911,199212,184026,51,0,0,1221290,0,184,697390,105550,24761,74208,237911,199212,184026,51,0,0,1221290,0,-201,697390,105550,24761,74208,237911,199212,184026,51,0,0,1221290,0,-718,697390,105550,24761,74208,237911,199212,184026,51,0
3,0,1221290,0,492,697390,105550,24761,74208,237911,199212,184026,51,0,0,1221290,0,115,697390,105550,24761,74208,237911,199212,184026,51,0,0,1221290,0,55,697390,105550,24761,74208,237911,199212,184026,51,0,0,1221290,0,48,697390,105550,24761,74208,237911,199212,184026,51,0,0,1221290,0,44,697390,105550,24761,74208,237911,199212,184026,51,0,0,1221290,0,50,697390,105550,24761,74208,237911,199212,184026,51,0,0,1221290,0,184,697390,105550,24761,74208,237911,199212,184026,51,0,0,1221290,0,-201,697390,105550,24761,74208,237911,199212,184026,51,0,0,1221290,0,-718,697390,105550,24761,74208,237911,199212,184026,51,0,0,1221290,0,66,697390,105550,24761,74208,237911,199212,184026,51,0
3,0,1221290,0,115,697390,105550,24761,74208,237911,199212,184026,51,0,0,1221290,0,55,697390,105550,24761,74208,237911,199212,184026,51,0,0,1221290,0,48,697390,105550,24761,74208,237911,199212,184026,51,0,0,1221290,0,44,697390,105550,24761,74208,237911,199212,184026,51,0,0,1221290,0,50,697390,105550,24761,74208,237911,199212,184026,51,0,0,1221290,0,184,697390,105550,24761,74208,237911,199212,184026,51,0,0,1221290,0,-201,697390,105550,24761,74208,237911,199212,184026,51,0,0,1221290,0,-718,697390,105550,24761,74208,237911,199212,184026,51,0,0,1221290,0,66,697390,105550,24761,74208,237911,199212,184026,51,0,0,1120500,0,-842,1599815,206063,120042,104740,163086,156431,141537,51,0
3,0,1221290,0,55,697390,105550,24761,74208,237911,199212,184026,51,0,0,1221290,0,48,697390,105550,24761,74208,237911,199212,184026,51,0,0,1221290,0,44,697390,105550,24761,74208,237911,199212,184026,51,0,0,1221290,0,50,697390,105550,24761,74208,237911,199212,184026,51,0,0,1221290,0,184,697390,105550,24761,74208,237911,199212,184026,51,0,0,1221290,0,-201,697390,105550,24761,74208,237911,199212,184026,51,0,0,1221290,0,-718,697390,105550,24761,74208,237911,199212,184026,51,0,0,1221290,0,66,697390,105550,24761,74208,237911,199212,184026,51,0,0,1120500,0,-842,1599815,206063,120042,104740,163086,156431,141537,51,0,0,1120500,0,1648,1599815,206063,120042,104740,163086,156431,141537,51,0
3,0,1221290,0,48,697390,105550,24761,74208,237911,199212,184026,51,0,0,1221290,0,44,697390,105550,24761,74208,237911,199212,184026,51,0,0,1221290,0,50,697390,105550,24761,74208,237911,199212,184026,51,0,0,1221290,0,184,697390,105550,24761,74208,237911,199212,184026,51,0,0,1221290,0,-201,697390,105550,24761,74208,237911,199212,184026,51,0,0,1221290,0,-718,697390,105550,24761,74208,237911,199212,184026,51,0,0,1221290,0,66,697390,105550,24761,74208,237911,199212,184026,51,0,0,1120500,0,-842,1599815,206063,120042,104740,163086,156431,141537,51,0,0,1120500,0,1648,1599815,206063,120042,104740,163086,156431,141537,51,0,0,1120500,0,294,1599815,206063,120042,104740,163086,156431,141537,51,0
3,0,1221290,0,44,697390,105550,24761,74208,237911,199212,184026,51,0,0,1221290,0,50,697390,105550,24761,74208,237911,199212,184026,51,0,0,1221290,0,184,697390,105550,24761,74208,237911,199212,184026,51,0,0,1221290,0,-201,697390,105550,24761,74208,237911,199212,184026,51,0,0,1221290,0,-718,697390,105550,24761,74208,237911,199212,184026,51,0,0,1221290,0,66,697390,105550,24761,74208,237911,199212,184026,51,0,0,1120500,0,-842,1599815,206063,120042,104740,163086,156431,141537,51,0,0,1120500,0,1648,1599815,206063,120042,104740,163086,156431,141537,51,0,0,1120500,0,294,1599815,206063,120042,104740,163086,156431,141537,51,0,0,1120500,0,84,1599815,206063,120042,104740,163086,156431,141537,51,0
3,0,1221290,0,50,697390,105550,24761,74208,237911,199212,184026,51,0,0,1221290,0,184,697390,105550,24761,74208,237911,199212,184026,51,0,0,1221290,0,-201,697390,105550,24761,74208,237911,199212,184026,51,0,0,1221290,0,-718,697390,105550,24761,74208,237911,199212,184026,51,0,0,1221290,0,66,697390,105550,24761,74208,237911,199212,184026,51,0,0,1120500,0,-842,1599815,206063,120042,104740,163086,156431,141537,51,0,0,1120500,0,1648,1599815,206063,120042,104740,163086,156431,141537,51,0,0,1120500,0,294,1599815,206063,120042,104740,163086,156431,141537,51,0,0,1120500,0,84,1599815,206063,120042,104740,163086,156431,141537,51,0,0,1120500,0,51,1599815,206063,120042,104740,163086,156431,141537,51,0
3,0,1221290,0,184,697390,105550,24761,74208,237911,199212,184026,51,0,0,1221290,0,-201,697390,105550,24761,74208,237911,199212,184026,51,0,0,1221290,0,-718,697390,105550,24761,74208,237911,199212,184026,51,0,0,1221290,0,66,697390,105550,24761,74208,237911,199212,184026,51,0,0,1120500,0,-842,1599815,206063,120042,104740,163086,156431,141537,51,0,0,1120500,0,1648,1599815,206063,120042,104740,163086,156431,141537,51,0,0,1120500,0,294,1599815,206063,120042,104740,163086,156431,141537,51,0,0,1120500,0,84,1599815,206063,120042,104740,163086,156431,141537,51,0,0,1120500,0,51,1599815,206063,120042,104740,163086,156431,141537,51,0,0,1120500,0,48,1599815,206063,120042,104740,163086,156431,141537,51,0
3,0,1221290,0,-201,697390,105550,24761,74208,237911,199212,184026,51,0,0,1221290,0,-718,697390,105550,24761,74208,237911,199212,184026,51,0,0,1221290,0,66,697390,105550,24761,74208,237911,199212,184026,51,0,0,1120500,0,-842,1599815,206063,120042,104740,163086,156431,141537,51,0,0,1120500,0,1648,1599815,206063,120042,104740,163086,156431,141537,51,0,0,1120500,0,294,1599815,206063,120042,104740,163086,156431,141537,51,0,0,1120500,0,84,1599815,206063,120042,104740,163086,156431,141537,51,0,0,1120500,0,51,1599815,206063,120042,104740,163086,156431,141537,51,0,0,1120500,0,48,1599815,206063,120042,104740,163086,156431,141537,51,0,0,1120500,0,50,1599815,206063,120042,104740,163086,156431,141537,51,0
3,0,1221290,0,-718,697390,105550,24761,74208,237911,199212,184026,51,0,0,1221290,0,66,697390,105550,24761,74208,237911,199212,184026,51,0,0,1120500,0,-842,1599815,206063,120042,104740,163086,156431,141537,51,0,0,1120500,0,1648,1599815,206063,120042,104740,163086,156431,141537,51,0,0,1120500,0,294,1599815,206063,120042,104740,163086,156431,141537,51,0,0,1120500,0,84,1599815,206063,120042,104740,163086,156431,141537,51,0,0,1120500,0,51,1599815,206063,120042,104740,163086,156431,141537,51,0,0,1120500,0,48,1599815,206063,120042,104740,163086,156431,141537,51,0,0,1120500,0,50,1599815,206063,120042,104740,163086,156431,141537,51,0,0,1120500,0,113,1599815,206063,120042,104740,163086,156431,141537,51,0
3,0,1221290,0,66,697390,105550,24761,74208,237911,199212,184026,51,0,0,1120500,0,-842,1599815,206063,120042,104740,163086,156431,141537,51,0,0,1120500,0,1648,1599815,206063,120042,104740,163086,156431,141537,51,0,0,1120500,0,294,1599815,206063,120042,104740,163086,156431,141537,51,0,0,1120500,0,84,1599815,206063,120042,104740,163086,156431,141537,51,0,0,1120500,0,51,1599815,206063,120042,104740,163086,156431,141537,51,0,0,1120500,0,48,1599815,206063,120042,104740,163086,156431,141537,51,0,0,1120500,0,50,1599815,206063,120042,104740,163086,156431,141537,51,0,0,1120500,0,113,1599815,206063,120042,104740,163086,156431,141537,51,0,0,1120500,0,552,1599815,206063,120042,104740,163086,156431,141537,51,0
3,0,1120500,0,-842,1599815,206063,120042,104740,163086,156431,141537,51,0,0,1120500,0,1648,1599815,206063,120042,104740,163086,156431,141537,51,0,0,1120500,0,294,1599815,206063,120042,104740,163086,156431,141537,51,0,0,1120500,0,84,1599815,206063,120042,104740,163086,156431,141537,51,0,0,1120500,0,51,1599815,206063,120042,104740,163086,156431,141537,51,0,0,1120500,0,48,1599815,206063,120042,104740,163086,156431,141537,51,0,0,1120500,0,50,1599815,206063,120042,104740,163086,156431,141537,51,0,0,1120500,0,113,1599815,206063,120042,104740,163086,156431,141537,51,0,0,1120500,0,552,1599815,206063,120042,104740,163086,156431,141537,51,0,0,1120500,0,1117,1599815,206063,120042,104740,163086,156431,141537,51,0
3,0,1120500,0,1648,1599815,206063,120042,104740,163086,156431,141537,51,0,0,1120500,0,294,1599815,206063,120042,104740,163086,156431,141537,51,0,0,1120500,0,84,1599815,206063,120042,104740,163086,156431,141537,51,0,0,1120500,0,51,1599815,206063,120042,104740,163086,156431,141537,51,0,0,1120500,0,48,1599815,206063,120042,104740,163086,156431,141537,51,0,0,1120500,0,50,1599815,206063,120042,104740,163086,156431,141537,51,0,0,1120500,0,113,1599815,206063,120042,104740,163086,156431,141537,51,0,0,1120500,0,552,1599815,206063,120042,104740,163086,156431,141537,51,0,0,1120500,0,1117,1599815,206063,120042,104740,163086,156431,141537,51,0,0,1463325,0,-668,1896130,307202,442851,233424,1025722,912881,1196866,51,0
3,0,1120500,0,294,1599815,206063,120042,104740,163086,156431,141537,51,0,0,1120500,0,84,1599815,206063,120042,104740,163086,156431,141537,51,0,0,1120500,0,51,1599815,206063,120042,104740,163086,156431,141537,51,0,0,1120500,0,48,1599815,206063,120042,104740,163086,156431,141537,51,0,0,1120500,0,50,1599815,206063,120042,104740,163086,156431,141537,51,0,0,1120500,0,113,1599815,206063,120042,104740,163086,156431,141537,51,0,0,1120500,0,552,1599815,206063,120042,104740,163086,156431,141537,51,0,0,1120500,0,1117,1599815,206063,120042,104740,163086,156431,141537,51,0,0,1463325,0,-668,1896130,307202,442851,233424,1025722,912881,1196866,51,0,0,1463325,0,995,1896130,307202,442851,233424,1025722,912881,1196866,51,0
3,0,1120500,0,84,1599815,206063,120042,104740,163086,156431,141537,51,0,0,1120500,0,51,1599815,206063,120042,104740,163086,156431,141537,51,0,0,1120500,0,48,1599815,206063,120042,104740,163086,156431,141537,51,0,0,1120500,0,50,1599815,206063,120042,104740,163086,156431,141537,51,0,0,1120500,0,113,1599815,206063,120042,104740,163086,156431,141537,51,0,0,1120500,0,552,1599815,206063,120042,104740,163086,156431,141537,51,0,0,1120500,0,1117,1599815,206063,120042,104740,163086,156431,141537,51,0,0,1463325,0,-668,1896130,307202,442851,233424,1025722,912881,1196866,51,0,0,1463325,0,995,1896130,307202,442851,233424,1025722,912881,1196866,51,0,0,1463325,0,-930,1896130,307202,442851,233424,1025722,912881,1196866,51,0
3,0,1120500,0,51,1599815,206063,120042,104740,163086,156431,141537,51,0,0,1120500,0,48,1599815,206063,120042,104740,163086,156431,141537,51,0,0,1120500,0,50,1599815,206063,120042,104740,163086,156431,141537,51,0,0,1120500,0,113,1599815,206063,120042,104740,163086,156431,141537,51,0,0,1120500,0,552,1599815,206063,120042,104740,163086,156431,141537,51,0,0,1120500,0,1117,1599815,206063,120042,104740,163086,156431,141537,51,0,0,1463325,0,-668,1896130,307202,442851,233424,1025722,912881,1196866,51,0,0,1463325,0,995,1896130,307202,442851,233424,1025722,912881,1196866,51,0,0,1463325,0,-930,1896130,307202,442851,233424,1025722,912881,1196866,51,0,0,1463325,0,1078,1896130,307202,442851,233424,1025722,912881,1196866,51,0
3,0,1120500,0,48,1599815,206063,120042,104740,163086,156431,141537,51,0,0,1120500,0,50,1599815,206063,120042,104740,163086,156431,141537,51,0,0,1120500,0,113,1599815,206063,120042,104740,163086,156431,141537,51,0,0,1120500,0,552,1599815,206063,120042,104740,163086,156431,141537,51,0,0,1120500,0,1117,1599815,206063,120042,104740,163086,156431,141537,51,0,0,1463325,0,-668,1896130,307202,442851,233424,1025722,912881,1196866,51,0,0,1463325,0,995,1896130,307202,442851,233424,1025722,912881,1196866,51,0,0,1463325,0,-930,1896130,307202,442851,233424,1025722,912881,1196866,51,0,0,1463325,0,1078,1896130,307202,442851,233424,1025722,912881,1196866,51,0,0,1463325,0,168,1896130,307202,442851,233424,1025722,912881,1196866,51,0
3,0,1120500,0,50,1599815,206063,120042,104740,163086,156431,141537,51,0,0,1120500,0,113,1599815,206063,120042,104740,163086,156431,141537,51,0,0,1120500,0,552,1599815,206063,120042,104740,163086,156431,141537,51,0,0,1120500,0,1117,1599815,206063,120042,104740,163086,156431,141537,51,0,0,1463325,0,-668,1896130,307202,442851,233424,1025722,912881,1196866,51,0,0,1463325,0,995,1896130,307202,442851,233424,1025722,912881,1196866,51,0,0,1463325,0,-930,1896130,307202,442851,233424,1025722,912881,1196866,51,0,0,1463325,0,1078,1896130,307202,442851,233424,1025722,912881,1196866,51,0,0,1463325,0,168,1896130,307202,442851,233424,1025722,912881,1196866,51,0,0,1463325,0,64,1896130,307202,442851,233424,1025722,912881,1196866,51,0
3,0,1120500,0,113,1599815,206063,120042,104740,163086,156431,141537,51,0,0,1120500,0,552,1599815,206063,120042,104740,163086,156431,141537,51,0,0,1120500,0,1117,1599815,206063,120042,104740,163086,156431,141537,51,0,0,1463325,0,-668,1896130,307202,442851,233424,1025722,912881,1196866,51,0,0,1463325,0,995,1896130,307202,442851,233424,1025722,912881,1196866,51,0,0,1463325,0,-930,1896130,307202,442851,233424,1025722,912881,1196866,51,0,0,1463325,0,1078,1896130,307202,442851,233424,1025722,912881,1196866,51,0,0,1463325,0,168,1896130,307202,442851,233424,1025722,912881,1196866,51,0,0,1463325,0,64,1896130,307202,442851,233424,1025722,912881,1196866,51,0,0,1463325,0,52,1896130,307202,442851,233424,1025722,912881,1196866,51,0
3,0,1120500,0,552,1599815,206063,120042,104740,163086,156431,141537,51,0,0,1120500,0,1117,1599815,206063,120042,104740,163086,156431,141537,51,0,0,1463325,0,-668,1896130,307202,442851,233424,1025722,912881,1196866,51,0,0,1463325,0,995,1896130,307202,442851,233424,1025722,912881,1196866,51,0,0,1463325,0,-930,1896130,307202,442851,233424,1025722,912881,1196866,51,0,0,1463325,0,1078,1896130,307202,442851,233424,1025722,912881,1196866,51,0,0,1463325,0,168,1896130,307202,442851,233424,1025722,912881,1196866,51,0,0,1463325,0,64,1896130,307202,442851,233424,1025722,912881,1196866,51,0,0,1463325,0,52,1896130,307202,442851,233424,1025722,912881,1196866,51,0,0,1463325,0,49,1896130,307202,442851,233424,1025722,912881,1196866,51,0
3,0,1120500,0,1117,1599815,206063,120042,104740,163086,156431,141537,51,0,0,1463325,0,-668,1896130,307202,442851,233424,1025722,912881,1196866,51,0,0,1463325,0,995,1896130,307202,442851,233424,1025722,912881,1196866,51,0,0,1463325,0,-930,1896130,307202,442851,233424,1025722,912881,1196866,51,0,0,1463325,0,1078,1896130,307202,442851,233424,1025722,912881,1196866,51,0,0,1463325,0,168,1896130,307202,442851,233424,1025722,912881,1196866,51,0,0,1463325,0,64,1896130,307202,442851,233424,1025722,912881,1196866,51,0,0,1463325,0,52,1896130,307202,442851,233424,1025722,912881,1196866,51,0,0,1463325,0,49,1896130,307202,442851,233424,1025722,912881,1196866,51,0,0,1463325,0,74,1896130,307202,442851,233424,1025722,912881,1196866,51,0
3,0,1463325,0,-668,1896130,307202,442851,233424,1025722,912881,1196866,51,0,0,1463325,0,995,1896130,307202,442851,233424,1025722,912881,1196866,51,0,0,1463325,0,-930,1896130,307202,442851,233424,1025722,912881,1196866,51,0,0,1463325,0,1078,1896130,307202,442851,233424,1025722,912881,1196866,51,0,0,1463325,0,168,1896130,307202,442851,233424,1025722,912881,1196866,51,0,0,1463325,0,64,1896130,307202,442851,233424,1025722,912881,1196866,51,0,0,1463325,0,52,1896130,307202,442851,233424,1025722,912881,1196866,51,0,0,1463325,0,49,1896130,307202,442851,233424,1025722,912881,1196866,51,0,0,1463325,0,74,1896130,307202,442851,233424,1025722,912881,1196866,51,0,0,1463325,0,539,1896130,307202,442851,233424,1025722,912881,1196866,51,0
3,0,1463325,0,995,1896130,307202,442851,233424,1025722,912881,1196866,51,0,0,1463325,0,-930,1896130,307202,442851,233424,1025722,912881,1196866,51,0,0,1463325,0,1078,1896130,307202,442851,233424,1025722,912881,1196866,51,0,0,1463325,0,168,1896130,307202,442851,233424,1025722,912881,1196866,51,0,0,1463325,0,64,1896130,307202,442851,233424,1025722,912881,1196866,51,0,0,1463325,0,52,1896130,307202,442851,233424,1025722,912881,1196866,51,0,0,1463325,0,49,1896130,307202,442851,233424,1025722,912881,1196866,51,0,0,1463325,0,74,1896130,307202,442851,233424,1025722,912881,1196866,51,0,0,1463325,0,539,1896130,307202,442851,233424,1025722,912881,1196866,51,0,0,228818,0,-1121,13782,20528,6934,27385,7203,6338,22715,51,0
3,0,1463325,0,-930,1896130,307202,442851,233424,1025722,912881,1196866,51,0,0,1463325,0,1078,1896130,307202,442851,233424,1025722,912881,1196866,51,0,0,1463325,0,168,1896130,307202,442851,233424,1025722,912881,1196866,51,0,0,1463325,0,64,1896130,307202,442851,233424,1025722,912881,1196866,51,0,0,1463325,0,52,1896130,307202,442851,233424,1025722,912881,1196866,51,0,0,1463325,0,49,1896130,307202,442851,233424,1025722,912881,1196866,51,0,0,1463325,0,74,1896130,307202,442851,233424,1025722,912881,1196866,51,0,0,1463325,0,539,1896130,307202,442851,233424,1025722,912881,1196866,51,0,0,228818,0,-1121,13782,20528,6934,27385,7203,6338,22715,51,0,0,228818,0,169,13782,20528,6934,27385,7203,6338,22715,51,0
3,0,1463325,0,1078,1896130,307202,442851,233424,1025722,912881,1196866,51,0,0,1463325,0,168,1896130,307202,442851,233424,1025722,912881,1196866,51,0,0,1463325,0,64,1896130,307202,442851,233424,1025722,912881,1196866,51,0,0,1463325,0,52,1896130,307202,442851,233424,1025722,912881,1196866,51,0,0,1463325,0,49,1896130,307202,442851,233424,1025722,912881,1196866,51,0,0,1463325,0,74,1896130,307202,442851,233424,1025722,912881,1196866,51,0,0,1463325,0,539,1896130,307202,442851,233424,1025722,912881,1196866,51,0,0,228818,0,-1121,13782,20528,6934,27385,7203,6338,22715,51,0,0,228818,0,169,13782,20528,6934,27385,7203,6338,22715,51,0,0,228818,0,1161,13782,20528,6934,27385,7203,6338,22715,51,0
3,0,1463325,0,168,1896130,307202,442851,233424,1025722,912881,1196866,51,0,0,1463325,0,64,1896130,307202,442851,233424,1025722,912881,1196866,51,0,0,1463325,0,52,1896130,307202,442851,233424,1025722,912881,1196866,51,0,0,1463325,0,49,1896130,307202,442851,233424,1025722,912881,1196866,51,0,0,1463325,0,74,1896130,307202,442851,233424,1025722,912881,1196866,51,0,0,1463325,0,539,1896130,307202,442851,233424,1025722,912881,1196866,51,0,0,228818,0,-1121,13782,20528,6934,27385,7203,6338,22715,51,0,0,228818,0,169,13782,20528,6934,27385,7203,6338,22715,51,0,0,228818,0,1161,13782,20528,6934,27385,7203,6338,22715,51,0,0,228818,0,-2048,13782,20528,6934,27385,7203,6338,22715,51,0
3,0,1463325,0,64,1896130,307202,442851,233424,1025722,912881,1196866,51,0,0,1463325,0,52,1896130,307202,442851,233424,1025722,912881,1196866,51,0,0,1463325,0,49,1896130,307202,442851,233424,1025722,912881,1196866,51,0,0,1463325,0,74,1896130,307202,442851,233424,1025722,912881,1196866,51,0,0,1463325,0,539,1896130,307202,442851,233424,1025722,912881,1196866,51,0,0,228818,0,-1121,13782,20528,6934,27385,7203,6338,22715,51,0,0,228818,0,169,13782,20528,6934,27385,7203,6338,22715,51,0,0,228818,0,1161,13782,20528,6934,27385,7203,6338,22715,51,0,0,228818,0,-2048,13782,20528,6934,27385,7203,6338,22715,51,0,0,228818,0,1145,13782,20528,6934,27385,7203,6338,22715,51,0
3,0,1463325,0,52,1896130,307202,442851,233424,1025722,912881,1196866,51,0,0,1463325,0,49,1896130,307202,442851,233424,1025722,912881,1196866,51,0,0,1463325,0,74,1896130,307202,442851,233424,1025722,912881,1196866,51,0,0,1463325,0,539,1896130,307202,442851,233424,1025722,912881,1196866,51,0,0,228818,0,-1121,13782,20528,6934,27385,7203,6338,22715,51,0,0,228818,0,169,13782,20528,6934,27385,7203,6338,22715,51,0,0,228818,0,1161,13782,20528,6934,27385,7203,6338,22715,51,0,0,228818,0,-2048,13782,20528,6934,27385,7203,6338,22715,51,0,0,228818,0,1145,13782,20528,6934,27385,7203,6338,22715,51,0,0,228818,0,215,13782,20528,6934,27385,7203,6338,22715,51,0
3,0,1463325,0,49,1896130,307202,442851,233424,1025722,912881,1196866,51,0,0,1463325,0,74,1896130,307202,442851,233424,1025722,912881,1196866,51,0,0,1463325,0,539,1896130,307202,442851,233424,1025722,912881,1196866,51,0,0,228818,0,-1121,13782,20528,6934,27385,7203,6338,22715,51,0,0,228818,0,169,13782,20528,6934,27385,7203,6338,22715,51,0,0,228818,0,1161,13782,20528,6934,27385,7203,6338,22715,51,0,0,228818,0,-2048,13782,20528,6934,27385,7203,6338,22715,51,0,0,228818,0,1145,13782,20528,6934,27385,7203,6338,22715,51,0,0,228818,0,215,13782,20528,6934,27385,7203,6338,22715,51,0,0,228818,0,71,13782,20528,6934,27385,7203,6338,22715,51,0
3,0,1463325,0,74,1896130,307202,442851,233424,1025722,912881,1196866,51,0,0,1463325,0,539,1896130,307202,442851,233424,1025722,912881,1196866,51,0,0,228818,0,-1121,13782,20528,6934,27385,7203,6338,22715,51,0,0,228818,0,169,13782,20528,6934,27385,7203,6338,22715,51,0,0,228818,0,1161,13782,20528,6934,27385,7203,6338,22715,51,0,0,228818,0,-2048,13782,20528,6934,27385,7203,6338,22715,51,0,0,228818,0,1145,13782,20528,6934,27385,7203,6338,22715,51,0,0,228818,0,215,13782,20528,6934,27385,7203,6338,22715,51,0,0,228818,0,71,13782,20528,6934,27385,7203,6338,22715,51,0,0,228818,0,49,13782,20528,6934,27385,7203,6338,22715,51,0
3,0,1463325,0,539,1896130,307202,442851,233424,1025722,912881,1196866,51,0,0,228818,0,-1121,13782,20528,6934,27385,7203,6338,22715,51,0,0,228818,0,169,13782,20528,6934,27385,7203,6338,22715,51,0,0,228818,0,1161,13782,20528,6934,27385,7203,6338,22715,51,0,0,228818,0,-2048,13782,20528,6934,27385,7203,6338,22715,51,0,0,228818,0,1145,13782,20528,6934,27385,7203,6338,22715,51,0,0,228818,0,215,13782,20528,6934,27385,7203,6338,22715,51,0,0,228818,0,71,13782,20528,6934,27385,7203,6338,22715,51,0,0,228818,0,49,13782,20528,6934,27385,7203,6338,22715,51,0,0,228818,0,44,13782,20528,6934,27385,7203,6338,22715,51,0
3,0,228818,0,-1121,13782,20528,6934,27385,7203,6338,22715,51,0,0,228818,0,169,13782,20528,6934,27385,7203,6338,22715,51,0,0,228818,0,1161,13782,20528,6934,27385,7203,6338,22715,51,0,0,228818,0,-2048,13782,20528,6934,27385,7203,6338,22715,51,0,0,228818,0,1145,13782,20528,6934,27385,7203,6338,22715,51,0,0,228818,0,215,13782,20528,6934,27385,7203,6338,22715,51,0,0,228818,0,71,13782,20528,6934,27385,7203,6338,22715,51,0,0,228818,0,49,13782,20528,6934,27385,7203,6338,22715,51,0,0,228818,0,44,13782,20528,6934,27385,7203,6338,22715,51,0,0,228818,0,44,13782,20528,6934,27385,7203,6338,22715,51,0
3,0,228818,0,169,13782,20528,6934,27385,7203,6338,22715,51,0,0,228818,0,1161,13782,20528,6934,27385,7203,6338,22715,51,0,0,228818,0,-2048,13782,20528,6934,27385,7203,6338,22715,51,0,0,228818,0,1145,13782,20528,6934,27385,7203,6338,22715,51,0,0,228818,0,215,13782,20528,6934,27385,7203,6338,22715,51,0,0,228818,0,71,13782,20528,6934,27385,7203,6338,22715,51,0,0,228818,0,49,13782,20528,6934,27385,7203,6338,22715,51,0,0,228818,0,44,13782,20528,6934,27385,7203,6338,22715,51,0,0,228818,0,44,13782,20528,6934,27385,7203,6338,22715,51,0,0,249645,0,50,24592,13210,13637,5046,10213,8589,20872,51,0
3,0,228818,0,1161,13782,20528,6934,27385,7203,6338,22715,51,0,0,228818,0,-2048,13782,20528,6934,27385,7203,6338,22715,51,0,0,228818,0,1145,13782,20528,6934,27385,7203,6338,22715,51,0,0,228818,0,215,13782,20528,6934,27385,7203,6338,22715,51,0,0,228818,0,71,13782,20528,6934,27385,7203,6338,22715,51,0,0,228818,0,49,13782,20528,6934,27385,7203,6338,22715,51,0,0,228818,0,44,13782,20528,6934,27385,7203,6338,22715,51,0,0,228818,0,44,13782,20528,6934,27385,7203,6338,22715,51,0,0,249645,0,50,24592,13210,13637,5046,10213,8589,20872,51,0,0,249645,0,52,24592,13210,13637,5046,10213,8589,20872,51,0
3,0,228818,0,-2048,13782,20528,6934,27385,7203,6338,22715,51,0,0,228818,0,1145,13782,20528,6934,27385,7203,6338,22715,51,0,0,228818,0,215,13782,20528,6934,27385,7203,6338,22715,51,0,0,228818,0,71,13782,20528,6934,27385,7203,6338,22715,51,0,0,228818,0,49,13782,20528,6934,27385,7203,6338,22715,51,0,0,228818,0,44,13782,20528,6934,27385,7203,6338,22715,51,0,0,228818,0,44,13782,20528,6934,27385,7203,6338,22715,51,0,0,249645,0,50,24592,13210,13637,5046,10213,8589,20872,51,0,0,249645,0,52,24592,13210,13637,5046,10213,8589,20872,51,0,0,249645,0,112,24592,13210,13637,5046,10213,8589,20872,51,0
3,0,228818,0,1145,13782,20528,6934,27385,7203,6338,22715,51,0,0,228818,0,215,13782,20528,6934,27385,7203,6338,22715,51,0,0,228818,0,71,13782,20528,6934,27385,7203,6338,22715,51,0,0,228818,0,49,13782,20528,6934,27385,7203,6338,22715,51,0,0,228818,0,44,13782,20528,6934,27385,7203,6338,22715,51,0,0,228818,0,44,13782,20528,6934,27385,7203,6338,22715,51,0,0,249645,0,50,24592,13210,13637,5046,10213,8589,20872,51,0,0,249645,0,52,24592,13210,13637,5046,10213,8589,20872,51,0,0,249645,0,112,24592,13210,13637,5046,10213,8589,20872,51,0,0,249645,0,380,24592,13210,13637,5046,10213,8589,20872,51,0
3,0,228818,0,215,13782,20528,6934,27385,7203,6338,22715,51,0,0,228818,0,71,13782,20528,6934,27385,7203,6338,22715,51,0,0,228818,0,49,13782,20528,6934,27385,7203,6338,22715,51,0,0,228818,0,44,13782,20528,6934,27385,7203,6338,22715,51,0,0,228818,0,44,13782,20528,6934,27385,7203,6338,22715,51,0,0,249645,0,50,24592,13210,13637,5046,10213,8589,20872,51,0,0,249645,0,52,24592,13210,13637,5046,10213,8589,20872,51,0,0,249645,0,112,24592,13210,13637,5046,10213,8589,20872,51,0,0,249645,0,380,24592,13210,13637,5046,10213,8589,20872,51,0,0,249645,0,698,24592,13210,13637,5046,10213,8589,20872,51,0
3,0,228818,0,71,13782,20528,6934,27385,7203,6338,22715,51,0,0,228818,0,49,13782,20528,6934,27385,7203,6338,22715,51,0,0,228818,0,44,13782,20528,6934,27385,7203,6338,22715,51,0,0,228818,0,44,13782,20528,6934,27385,7203,6338,22715,51,0,0,249645,0,50,24592,13210,13637,5046,10213,8589,20872,51,0,0,249645,0,52,24592,13210,13637,5046,10213,8589,20872,51,0,0,249645,0,112,24592,13210,13637,5046,10213,8589,20872,51,0,0,249645,0,380,24592,13210,13637,5046,10213,8589,20872,51,0,0,249645,0,698,24592,13210,13637,5046,10213,8589,20872,51,0,0,249645,0,1872,24592,13210,13637,5046,10213,8589,20872,51,0
3,0,228818,0,49,13782,20528,6934,27385,7203,6338,22715,51,0,0,228818,0,44,13782,20528,6934,27385,7203,6338,22715,51,0,0,228818,0,44,13782,20528,6934,27385,7203,6338,22715,51,0,0,249645,0,50,24592,13210,13637,5046,10213,8589,20872,51,0,0,249645,0,52,24592,13210,13637,5046,10213,8589,20872,51,0,0,249645,0,112,24592,13210,13637,5046,10213,8589,20872,51,0,0,249645,0,380,24592,13210,13637,5046,10213,8589,20872,51,0,0,249645,0,698,24592,13210,13637,5046,10213,8589,20872,51,0,0,249645,0,1872,24592,13210,13637,5046,10213,8589,20872,51,0,0,249645,0,328,24592,13210,13637,5046,10213,8589,20872,51,0
3,0,228818,0,44,13782,20528,6934,27385,7203,6338,22715,51,0,0,228818,0,44,13782,20528,6934,27385,7203,6338,22715,51,0,0,249645,0,50,24592,13210,13637,5046,10213,8589,20872,51,0,0,249645,0,52,24592,13210,13637,5046,10213,8589,20872,51,0,0,249645,0,112,24592,13210,13637,5046,10213,8589,20872,51,0,0,249645,0,380,24592,13210,13637,5046,10213,8589,20872,51,0,0,249645,0,698,24592,13210,13637,5046,10213,8589,20872,51,0,0,249645,0,1872,24592,13210,13637,5046,10213,8589,20872,51,0,0,249645,0,328,24592,13210,13637,5046,10213,8589,20872,51,0,0,249645,0,88,24592,13210,13637,5046,10213,8589,20872,51,0
3,0,228818,0,44,13782,20528,6934,27385,7203,6338,22715,51,0,0,249645,0,50,24592,13210,13637,5046,10213,8589,20872,51,0,0,249645,0,52,24592,13210,13637,5046,10213,8589,20872,51,0,0,249645,0,112,24592,13210,13637,5046,10213,8589,20872,51,0,0,249645,0,380,24592,13210,13637,5046,10213,8589,20872,51,0,0,249645,0,698,24592,13210,13637,5046,10213,8589,20872,51,0,0,249645,0,1872,24592,13210,13637,5046,10213,8589,20872,51,0,0,249645,0,328,24592,13210,13637,5046,10213,8589,20872,51,0,0,249645,0,88,24592,13210,13637,5046,10213,8589,20872,51,0,0,249645,0,52,24592,13210,13637,5046,10213,8589,20872,51,0
3,0,249645,0,50,24592,13210,13637,5046,10213,8589,20872,51,0,0,249645,0,52,24592,13210,13637,5046,10213,8589,20872,51,0,0,249645,0,112,24592,13210,13637,5046,10213,8589,20872,51,0,0,249645,0,380,24592,13210,13637,5046,10213,8589,20872,51,0,0,249645,0,698,24592,13210,13637,5046,10213,8589,20872,51,0,0,249645,0,1872,24592,13210,13637,5046,10213,8589,20872,51,0,0,249645,0,328,24592,13210,13637,5046,10213,8589,20872,51,0,0,249645,0,88,24592,13210,13637,5046,10213,8589,20872,51,0,0,249645,0,52,24592,13210,13637,5046,10213,8589,20872,51,0,0,249645,0,45,24592,13210,13637,5046,10213,8589,20872,51,0
3,0,249645,0,52,24592,13210,13637,5046,10213,8589,20872,51,0,0,249645,0,112,24592,13210,13637,5046,10213,8589,20872,51,0,0,249645,0,380,24592,13210,13637,5046,10213,8589,20872,51,0,0,249645,0,698,24592,13210,13637,5046,10213,8589,20872,51,0,0,249645,0,1872,24592,13210,13637,5046,10213,8589,20872,51,0,0,249645,0,328,24592,13210,13637,5046,10213,8589,20872,51,0,0,249645,0,88,24592,13210,13637,5046,10213,8589,20872,51,0,0,249645,0,52,24592,13210,13637,5046,10213,8589,20872,51,0,0,249645,0,45,24592,13210,13637,5046,10213,8589,20872,51,0,0,1116470,0,-195,752615,37743,57456,73177,119290,23979,78558,51,0
3,0,249645,0,112,24592,13210,13637,5046,10213,8589,20872,51,0,0,249645,0,380,24592,13210,13637,5046,10213,8589,20872,51,0,0,249645,0,698,24592,13210,13637,5046,10213,8589,20872,51,0,0,249645,0,1872,24592,13210,13637,5046,10213,8589,20872,51,0,0,249645,0,328,24592,13210,13637,5046,10213,8589,20872,51,0,0,249645,0,88,24592,13210,13637,5046,10213,8589,20872,51,0,0,249645,0,52,24592,13210,13637,5046,10213,8589,20872,51,0,0,249645,0,45,24592,13210,13637,5046,10213,8589,20872,51,0,0,1116470,0,-195,752615,37743,57456,73177,119290,23979,78558,51,0,0,1116470,0,99,752615,37743,57456,73177,119290,23979,78558,51,0
3,0,249645,0,380,24592,13210,13637,5046,10213,8589,20872,51,0,0,249645,0,698,24592,13210,13637,5046,10213,8589,20872,51,0,0,249645,0,1872,24592,13210,13637,5046,10213,8589,20872,51,0,0,249645,0,328,24592,13210,13637,5046,10213,8589,20872,51,0,0,249645,0,88,24592,13210,13637,5046,10213,8589,20872,51,0,0,249645,0,52,24592,13210,13637,5046,10213,8589,20872,51,0,0,249645,0,45,24592,13210,13637,5046,10213,8589,20872,51,0,0,1116470,0,-195,752615,37743,57456,73177,119290,23979,78558,51,0,0,1116470,0,99,752615,37743,57456,73177,119290,23979,78558,51,0,0,1116470,0,55,752615,37743,57456,73177,119290,23979,78558,51,0
3,0,249645,0,698,24592,13210,13637,5046,10213,8589,20872,51,0,0,249645,0,1872,24592,13210,13637,5046,10213,8589,20872,51,0,0,249645,0,328,24592,13210,13637,5046,10213,8589,20872,51,0,0,249645,0,88,24592,13210,13637,5046,10213,8589,20872,51,0,0,249645,0,52,24592,13210,13637,5046,10213,8589,20872,51,0,0,249645,0,45,24592,13210,13637,5046,10213,8589,20872,51,0,0,1116470,0,-195,752615,37743,57456,73177,119290,23979,78558,51,0,0,1116470,0,99,752615,37743,57456,73177,119290,23979,78558,51,0,0,1116470,0,55,752615,37743,57456,73177,119290,23979,78558,51,0,0,1116470,0,1092,752615,37743,57456,73177,119290,23979,78558,51,0
3,0,249645,0,1872,24592,13210,13637,5046,10213,8589,20872,51,0,0,249645,0,328,24592,13210,13637,5046,10213,8589,20872,51,0,0,249645,0,88,24592,13210,13637,5046,10213,8589,20872,51,0,0,249645,0,52,24592,13210,13637,5046,10213,8589,20872,51,0,0,249645,0,45,24592,13210,13637,5046,10213,8589,20872,51,0,0,1116470,0,-195,752615,37743,57456,73177,119290,23979,78558,51,0,0,1116470,0,99,752615,37743,57456,73177,119290,23979,78558,51,0,0,1116470,0,55,752615,37743,57456,73177,119290,23979,78558,51,0,0,1116470,0,1092,752615,37743,57456,73177,119290,23979,78558,51,0,0,1116470,0,488,752615,37743,57456,73177,119290,23979,78558,51,0
3,0,249645,0,328,24592,13210,13637,5046,10213,8589,20872,51,0,0,249645,0,88,24592,13210,13637,5046,10213,8589,20872,51,0,0,249645,0,52,24592,13210,13637,5046,10213,8589,20872,51,0,0,249645,0,45,24592,13210,13637,5046,10213,8589,20872,51,0,0,1116470,0,-195,752615,37743,57456,73177,119290,23979,78558,51,0,0,1116470,0,99,752615,37743,57456,73177,119290,23979,78558,51,0,0,1116470,0,55,752615,37743,57456,73177,119290,23979,78558,51,0,0,1116470,0,1092,752615,37743,57456,73177,119290,23979,78558,51,0,0,1116470,0,488,752615,37743,57456,73177,119290,23979,78558,51,0,0,1116470,0,1091,752615,37743,57456,73177,119290,23979,78558,51,0
3,0,249645,0,88,24592,13210,13637,5046,10213,8589,20872,51,0,0,249645,0,52,24592,13210,13637,5046,10213,8589,20872,51,0,0,249645,0,45,24592,13210,13637,5046,10213,8589,20872,51,0,0,1116470,0,-195,752615,37743,57456,73177,119290,23979,78558,51,0,0,1116470,0,99,752615,37743,57456,73177,119290,23979,78558,51,0,0,1116470,0,55,752615,37743,57456,73177,119290,23979,78558,51,0,0,1116470,0,1092,752615,37743,57456,73177,119290,23979,78558,51,0,0,1116470,0,488,752615,37743,57456,73177,119290,23979,78558,51,0,0,1116470,0,1091,752615,37743,57456,73177,119290,23979,78558,51,0,0,1116470,0,1830,752615,37743,57456,73177,119290,23979,78558,51,0
3,0,249645,0,52,24592,13210,13637,5046,10213,8589,20872,51,0,0,249645,0,45,24592,13210,13637,5046,10213,8589,20872,51,0,0,1116470,0,-195,752615,37743,57456,73177,119290,23979,78558,51,0,0,1116470,0,99,752615,37743,57456,73177,119290,23979,78558,51,0,0,1116470,0,55,752615,37743,57456,73177,119290,23979,78558,51,0,0,1116470,0,1092,752615,37743,57456,73177,119290,23979,78558,51,0,0,1116470,0,488,752615,37743,57456,73177,119290,23979,78558,51,0,0,1116470,0,1091,752615,37743,57456,73177,119290,23979,78558,51,0,0,1116470,0,1830,752615,37743,57456,73177,119290,23979,78558,51,0,0,1116470,0,323,752615,37743,57456,73177,119290,23979,78558,51,0
3,0,249645,0,45,24592,13210,13637,5046,10213,8589,20872,51,0,0,1116470,0,-195,752615,37743,57456,73177,119290,23979,78558,51,0,0,1116470,0,99,752615,37743,57456,73177,119290,23979,78558,51,0,0,1116470,0,55,752615,37743,57456,73177,119290,23979,78558,51,0,0,1116470,0,1092,752615,37743,57456,73177,119290,23979,78558,51,0,0,1116470,0,488,752615,37743,57456,73177,119290,23979,78558,51,0,0,1116470,0,1091,752615,37743,57456,73177,119290,23979,78558,51,0,0,1116470,0,1830,752615,37743,57456,73177,119290,23979,78558,51,0,0,1116470,0,323,752615,37743,57456,73177,119290,23979,78558,51,0,0,1116470,0,87,752615,37743,57456,73177,119290,23979,78558,51,0
3,0,1116470,0,-195,752615,37743,57456,73177,119290,23979,78558,51,0,0,1116470,0,99,752615,37743,57456,73177,119290,23979,78558,51,0,0,1116470,0,55,752615,37743,57456,73177,119290,23979,78558,51,0,0,1116470,0,1092,752615,37743,57456,73177,119290,23979,78558,51,0,0,1116470,0,488,752615,37743,57456,73177,119290,23979,78558,51,0,0,1116470,0,1091,752615,37743,57456,73177,119290,23979,78558,51,0,0,1116470,0,1830,752615,37743,57456,73177,119290,23979,78558,51,0,0,1116470,0,323,752615,37743,57456,73177,119290,23979,78558,51,0,0,1116470,0,87,752615,37743,57456,73177,119290,23979,78558,51,0,0,1116470,0,52,752615,37743,57456,73177,119290,23979,78558,51,0
3,0,1116470,0,99,752615,37743,57456,73177,119290,23979,78558,51,0,0,1116470,0,55,752615,37743,57456,73177,119290,23979,78558,51,0,0,1116470,0,1092,752615,37743,57456,73177,119290,23979,78558,51,0,0,1116470,0,488,752615,37743,57456,73177,119290,23979,78558,51,0,0,1116470,0,1091,752615,37743,57456,73177,119290,23979,78558,51,0,0,1116470,0,1830,752615,37743,57456,73177,119290,23979,78558,51,0,0,1116470,0,323,752615,37743,57456,73177,119290,23979,78558,51,0,0,1116470,0,87,752615,37743,57456,73177,119290,23979,78558,51,0,0,1116470,0,52,752615,37743,57456,73177,119290,23979,78558,51,0,0,1141911,0,44,456569,143838,225787,125081,177780,122752,174168,51,0
3,0,1116470,0,55,752615,37743,57456,73177,119290,23979,78558,51,0,0,1116470,0,1092,752615,37743,57456,73177,119290,23979,78558,51,0,0,1116470,0,488,752615,37743,57456,73177,119290,23979,78558,51,0,0,1116470,0,1091,752615,37743,57456,73177,119290,23979,78558,51,0,0,1116470,0,1830,752615,37743,57456,73177,119290,23979,78558,51,0,0,1116470,0,323,752615,37743,57456,73177,119290,23979,78558,51,0,0,1116470,0,87,752615,37743,57456,73177,119290,23979,78558,51,0,0,1116470,0,52,752615,37743,57456,73177,119290,23979,78558,51,0,0,1141911,0,44,456569,143838,225787,125081,177780,122752,174168,51,0,0,1141911,0,48,456569,143838,225787,125081,177780,122752,174168,51,0
3,0,1116470,0,1092,752615,37743,57456,73177,119290,23979,78558,51,0,0,1116470,0,488,752615,37743,57456,73177,119290,23979,78558,51,0,0,1116470,0,1091,752615,37743,57456,73177,119290,23979,78558,51,0,0,1116470,0,1830,752615,37743,57456,73177,119290,23979,78558,51,0,0,1116470,0,323,752615,37743,57456,73177,119290,23979,78558,51,0,0,1116470,0,87,752615,37743,57456,73177,119290,23979,78558,51,0,0,1116470,0,52,752615,37743,57456,73177,119290,23979,78558,51,0,0,1141911,0,44,456569,143838,225787,125081,177780,122752,174168,51,0,0,1141911,0,48,456569,143838,225787,125081,177780,122752,174168,51,0,0,1141911,0,107,456569,143838,225787,125081,177780,122752,174168,51,0
3,0,1116470,0,488,752615,37743,57456,73177,119290,23979,78558,51,0,0,1116470,0,1091,752615,37743,57456,73177,119290,23979,78558,51,0,0,1116470,0,1830,752615,37743,57456,73177,119290,23979,78558,51,0,0,1116470,0,323,752615,37743,57456,73177,119290,23979,78558,51,0,0,1116470,0,87,752615,37743,57456,73177,119290,23979,78558,51,0,0,1116470,0,52,752615,37743,57456,73177,119290,23979,78558,51,0,0,1141911,0,44,456569,143838,225787,125081,177780,122752,174168,51,0,0,1141911,0,48,456569,143838,225787,125081,177780,122752,174168,51,0,0,1141911,0,107,456569,143838,225787,125081,177780,122752,174168,51,0,0,1141911,0,65,456569,143838,225787,125081,177780,122752,174168,51,0
3,0,1116470,0,1091,752615,37743,57456,73177,119290,23979,78558,51,0,0,1116470,0,1830,752615,37743,57456,73177,119290,23979,78558,51,0,0,1116470,0,323,752615,37743,57456,73177,119290,23979,78558,51,0,0,1116470,0,87,752615,37743,57456,73177,119290,23979,78558,51,0,0,1116470,0,52,752615,37743,57456,73177,119290,23979,78558,51,0,0,1141911,0,44,456569,143838,225787,125081,177780,122752,174168,51,0,0,1141911,0,48,456569,143838,225787,125081,177780,122752,174168,51,0,0,1141911,0,107,456569,143838,225787,125081,177780,122752,174168,51,0,0,1141911,0,65,456569,143838,225787,125081,177780,122752,174168,51,0,0,1141911,0,86,456569,143838,225787,125081,177780,122752,174168,51,0
3,0,1116470,0,1830,752615,37743,57456,73177,119290,23979,78558,51,0,0,1116470,0,323,752615,37743,57456,73177,119290,23979,78558,51,0,0,1116470,0,87,752615,37743,57456,73177,119290,23979,78558,51,0,0,1116470,0,52,752615,37743,57456,73177,119290,23979,78558,51,0,0,1141911,0,44,456569,143838,225787,125081,177780,122752,174168,51,0,0,1141911,0,48,456569,143838,225787,125081,177780,122752,174168,51,0,0,1141911,0,107,456569,143838,225787,125081,177780,122752,174168,51,0,0,1141911,0,65,456569,143838,225787,125081,177780,122752,174168,51,0,0,1141911,0,86,456569,143838,225787,125081,177780,122752,174168,51,0,0,1141911,0,128,456569,143838,225787,125081,177780,122752,174168,51,0
3,0,1116470,0,323,752615,37743,57456,73177,119290,23979,78558,51,0,0,1116470,0,87,752615,37743,57456,73177,119290,23979,78558,51,0,0,1116470,0,52,752615,37743,57456,73177,119290,23979,78558,51,0,0,1141911,0,44,456569,143838,225787,125081,177780,122752,174168,51,0,0,1141911,0,48,456569,143838,225787,125081,177780,122752,174168,51,0,0,1141911,0,107,456569,143838,225787,125081,177780,122752,174168,51,0,0,1141911,0,65,456569,143838,225787,125081,177780,122752,174168,51,0,0,1141911,0,86,456569,143838,225787,125081,177780,122752,174168,51,0,0,1141911,0,128,456569,143838,225787,125081,177780,122752,174168,51,0,0,1141911,0,-1161,456569,143838,225787,125081,177780,122752,174168,51,0
3,0,1116470,0,87,752615,37743,57456,73177,119290,23979,78558,51,0,0,1116470,0,52,752615,37743,57456,73177,119290,23979,78558,51,0,0,1141911,0,44,456569,143838,225787,125081,177780,122752,174168,51,0,0,1141911,0,48,456569,143838,225787,125081,177780,122752,174168,51,0,0,1141911,0,107,456569,143838,225787,125081,177780,122752,174168,51,0,0,1141911,0,65,456569,143838,225787,125081,177780,122752,174168,51,0,0,1141911,0,86,456569,143838,225787,125081,177780,122752,174168,51,0,0,1141911,0,128,456569,143838,225787,125081,177780,122752,174168,51,0,0,1141911,0,-1161,456569,143838,225787,125081,177780,122752,174168,51,0,0,1141911,0,-82,456569,143838,225787,125081,177780,122752,174168,51,0
3,0,1116470,0,52,752615,37743,57456,73177,119290,23979,78558,51,0,0,1141911,0,44,456569,143838,225787,125081,177780,122752,174168,51,0,0,1141911,0,48,456569,143838,225787,125081,177780,122752,174168,51,0,0,1141911,0,107,456569,143838,225787,125081,177780,122752,174168,51,0,0,1141911,0,65,456569,143838,225787,125081,177780,122752,174168,51,0,0,1141911,0,86,456569,143838,225787,125081,177780,122752,174168,51,0,0,1141911,0,128,456569,143838,225787,125081,177780,122752,174168,51,0,0,1141911,0,-1161,456569,143838,225787,125081,177780,122752,174168,51,0,0,1141911,0,-82,456569,143838,225787,125081,177780,122752,174168,51,0,0,1141911,0,2047,456569,143838,225787,125081,177780,122752,174168,51,0
3,0,1141911,0,44,456569,143838,225787,125081,177780,122752,174168,51,0,0,1141911,0,48,456569,143838,225787,125081,177780,122752,174168,51,0,0,1141911,0,107,456569,143838,225787,125081,177780,122752,174168,51,0,0,1141911,0,65,456569,143838,225787,125081,177780,122752,174168,51,0,0,1141911,0,86,456569,143838,225787,125081,177780,122752,174168,51,0,0,1141911,0,128,456569,143838,225787,125081,177780,122752,174168,51,0,0,1141911,0,-1161,456569,143838,225787,125081,177780,122752,174168,51,0,0,1141911,0,-82,456569,143838,225787,125081,177780,122752,174168,51,0,0,1141911,0,2047,456569,143838,225787,125081,177780,122752,174168,51,0,0,1141911,0,396,456569,143838,225787,125081,177780,122752,174168,51,0
3,0,1141911,0,48,456569,143838,225787,125081,177780,122752,174168,51,0,0,1141911,0,107,456569,143838,225787,125081,177780,122752,174168,51,0,0,1141911,0,65,456569,143838,225787,125081,177780,122752,174168,51,0,0,1141911,0,86,456569,143838,225787,125081,177780,122752,174168,51,0,0,1141911,0,128,456569,143838,225787,125081,177780,122752,174168,51,0,0,1141911,0,-1161,456569,143838,225787,125081,177780,122752,174168,51,0,0,1141911,0,-82,456569,143838,225787,125081,177780,122752,174168,51,0,0,1141911,0,2047,456569,143838,225787,125081,177780,122752,174168,51,0,0,1141911,0,396,456569,143838,225787,125081,177780,122752,174168,51,0,0,1418853,0,89,809387,56032,525551,205944,136651,120276,167133,51,0
3,0,1141911,0,107,456569,143838,225787,125081,177780,122752,174168,51,0,0,1141911,0,65,456569,143838,225787,125081,177780,122752,174168,51,0,0,1141911,0,86,456569,143838,225787,125081,177780,122752,174168,51,0,0,1141911,0,128,456569,143838,225787,125081,177780,122752,174168,51,0,0,1141911,0,-1161,456569,143838,225787,125081,177780,122752,174168,51,0,0,1141911,0,-82,456569,143838,225787,125081,177780,122752,174168,51,0,0,1141911,0,2047,456569,143838,225787,125081,177780,122752,174168,51,0,0,1141911,0,396,456569,143838,225787,125081,177780,122752,174168,51,0,0,1418853,0,89,809387,56032,525551,205944,136651,120276,167133,51,0,0,1418853,0,-44,809387,56032,525551,205944,136651,120276,167133,51,0
3,0,1141911,0,65,456569,143838,225787,125081,177780,122752,174168,51,0,0,1141911,0,86,456569,143838,225787,125081,177780,122752,174168,51,0,0,1141911,0,128,456569,143838,225787,125081,177780,122752,174168,51,0,0,1141911,0,-1161,456569,143838,225787,125081,177780,122752,174168,51,0,0,1141911,0,-82,456569,143838,225787,125081,177780,122752,174168,51,0,0,1141911,0,2047,456569,143838,225787,125081,177780,122752,174168,51,0,0,1141911,0,396,456569,143838,225787,125081,177780,122752,174168,51,0,0,1418853,0,89,809387,56032,525551,205944,136651,120276,167133,51,0,0,1418853,0,-44,809387,56032,525551,205944,136651,120276,167133,51,0,0,1418853,0,59,809387,56032,525551,205944,136651,120276,167133,51,0
3,0,1141911,0,86,456569,143838,225787,125081,177780,122752,174168,51,0,0,1141911,0,128,456569,143838,225787,125081,177780,122752,174168,51,0,0,1141911,0,-1161,456569,143838,225787,125081,177780,122752,174168,51,0,0,1141911,0,-82,456569,143838,225787,125081,177780,122752,174168,51,0,0,1141911,0,2047,456569,143838,225787,125081,177780,122752,174168,51,0,0,1141911,0,396,456569,143838,225787,125081,177780,122752,174168,51,0,0,1418853,0,89,809387,56032,525551,205944,136651,120276,167133,51,0,0,1418853,0,-44,809387,56032,525551,205944,136651,120276,167133,51,0,0,1418853,0,59,809387,56032,525551,205944,136651,120276,167133,51,0,0,1418853,0,45,809387,56032,525551,205944,136651,120276,167133,51,0
3,0,1141911,0,128,456569,143838,225787,125081,177780,122752,174168,51,0,0,1141911,0,-1161,456569,143838,225787,125081,177780,122752,174168,51,0,0,1141911,0,-82,456569,143838,225787,125081,177780,122752,174168,51,0,0,1141911,0,2047,456569,143838,225787,125081,177780,122752,174168,51,0,0,1141911,0,396,456569,143838,225787,125081,177780,122752,174168,51,0,0,1418853,0,89,809387,56032,525551,205944,136651,120276,167133,51,0,0,1418853,0,-44,809387,56032,525551,205944,136651,120276,167133,51,0,0,1418853,0,59,809387,56032,525551,205944,136651,120276,167133,51,0,0,1418853,0,45,809387,56032,525551,205944,136651,120276,167133,51,0,0,1418853,0,44,809387,56032,525551,205944,136651,120276,167133,51,0
3,0,1141911,0,-1161,456569,143838,225787,125081,177780,122752,174168,51,0,0,1141911,0,-82,456569,143838,225787,125081,177780,122752,174168,51,0,0,1141911,0,2047,456569,143838,225787,125081,177780,122752,174168,51,0,0,1141911,0,396,456569,143838,225787,125081,177780,122752,174168,51,0,0,1418853,0,89,809387,56032,525551,205944,136651,120276,167133,51,0,0,1418853,0,-44,809387,56032,525551,205944,136651,120276,167133,51,0,0,1418853,0,59,809387,56032,525551,205944,136651,120276,167133,51,0,0,1418853,0,45,809387,56032,525551,205944,136651,120276,167133,51,0,0,1418853,0,44,809387,56032,525551,205944,136651,120276,167133,51,0,0,1418853,0,44,809387,56032,525551,205944,136651,120276,167133,51,0
3,0,1141911,0,-82,456569,143838,225787,125081,177780,122752,174168,51,0,0,1141911,0,2047,456569,143838,225787,125081,177780,122752,174168,51,0,0,1141911,0,396,456569,143838,225787,125081,177780,122752,174168,51,0,0,1418853,0,89,809387,56032,525551,205944,136651,120276,167133,51,0,0,1418853,0,-44,809387,56032,525551,205944,136651,120276,167133,51,0,0,1418853,0,59,809387,56032,525551,205944,136651,120276,167133,51,0,0,1418853,0,45,809387,56032,525551,205944,136651,120276,167133,51,0,0,1418853,0,44,809387,56032,525551,205944,136651,120276,167133,51,0,0,1418853,0,44,809387,56032,525551,205944,136651,120276,167133,51,0,0,1418853,0,44,809387,56032,525551,205944,136651,120276,167133,51,0
3,0,1141911,0,2047,456569,143838,225787,125081,177780,122752,174168,51,0,0,1141911,0,396,456569,143838,225787,125081,177780,122752,174168,51,0,0,1418853,0,89,809387,56032,525551,205944,136651,120276,167133,51,0,0,1418853,0,-44,809387,56032,525551,205944,136651,120276,167133,51,0,0,1418853,0,59,809387,56032,525551,205944,136651,120276,167133,51,0,0,1418853,0,45,809387,56032,525551,205944,136651,120276,167133,51,0,0,1418853,0,44,809387,56032,525551,205944,136651,120276,167133,51,0,0,1418853,0,44,809387,56032,525551,205944,136651,120276,167133,51,0,0,1418853,0,44,809387,56032,525551,205944,136651,120276,167133,51,0,0,1418853,0,48,809387,56032,525551,205944,136651,120276,167133,51,0
3,0,1141911,0,396,456569,143838,225787,125081,177780,122752,174168,51,0,0,1418853,0,89,809387,56032,525551,205944,136651,120276,167133,51,0,0,1418853,0,-44,809387,56032,525551,205944,136651,120276,167133,51,0,0,1418853,0,59,809387,56032,525551,205944,136651,120276,167133,51,0,0,1418853,0,45,809387,56032,525551,205944,136651,120276,167133,51,0,0,1418853,0,44,809387,56032,525551,205944,136651,120276,167133,51,0,0,1418853,0,44,809387,56032,525551,205944,136651,120276,167133,51,0,0,1418853,0,44,809387,56032,525551,205944,136651,120276,167133,51,0,0,1418853,0,48,809387,56032,525551,205944,136651,120276,167133,51,0,0,1418853,0,-2048,809387,56032,525551,205944,136651,120276,167133,51,0
3,0,1418853,0,89,809387,56032,525551,205944,136651,120276,167133,51,0,0,1418853,0,-44,809387,56032,525551,205944,136651,120276,167133,51,0,0,1418853,0,59,809387,56032,525551,205944,136651,120276,167133,51,0,0,1418853,0,45,809387,56032,525551,205944,136651,120276,167133,51,0,0,1418853,0,44,809387,56032,525551,205944,136651,120276,167133,51,0,0,1418853,0,44,809387,56032,525551,205944,136651,120276,167133,51,0,0,1418853,0,44,809387,56032,525551,205944,136651,120276,167133,51,0,0,1418853,0,48,809387,56032,525551,205944,136651,120276,167133,51,0,0,1418853,0,-2048,809387,56032,525551,205944,136651,120276,167133,51,0,0,1418853,0,1137,809387,56032,525551,205944,136651,120276,167133,51,0
3,0,1418853,0,-44,809387,56032,525551,205944,136651,120276,167133,51,0,0,1418853,0,59,809387,56032,525551,205944,136651,120276,167133,51,0,0,1418853,0,45,809387,56032,525551,205944,136651,120276,167133,51,0,0,1418853,0,44,809387,56032,525551,205944,136651,120276,167133,51,0,0,1418853,0,44,809387,56032,525551,205944,136651,120276,167133,51,0,0,1418853,0,44,809387,56032,525551,205944,136651,120276,167133,51,0,0,1418853,0,48,809387,56032,525551,205944,136651,120276,167133,51,0,0,1418853,0,-2048,809387,56032,525551,205944,136651,120276,167133,51,0,0,1418853,0,1137,809387,56032,525551,205944,136651,120276,167133,51,0,0,1169504,0,661,1666039,556412,213141,294180,591959,119442,259041,51,0
3,0,1418853,0,59,809387,56032,525551,205944,136651,120276,167133,51,0,0,1418853,0,45,809387,56032,525551,205944,136651,120276,167133,51,0,0,1418853,0,44,809387,56032,525551,205944,136651,120276,167133,51,0,0,1418853,0,44,809387,56032,525551,205944,136651,120276,167133,51,0,0,1418853,0,44,809387,56032,525551,205944,136651,120276,167133,51,0,0,1418853,0,48,809387,56032,525551,205944,136651,120276,167133,51,0,0,1418853,0,-2048,809387,56032,525551,205944,136651,120276,167133,51,0,0,1418853,0,1137,809387,56032,525551,205944,136651,120276,167133,51,0,0,1169504,0,661,1666039,556412,213141,294180,591959,119442,259041,51,0,0,1169504,0,-349,1666039,556412,213141,294180,591959,119442,259041,51,0
3,0,1418853,0,45,809387,56032,525551,205944,136651,120276,167133,51,0,0,1418853,0,44,809387,56032,525551,205944,136651,120276,167133,51,0,0,1418853,0,44,809387,56032,525551,205944,136651,120276,167133,51,0,0,1418853,0,44,809387,56032,525551,205944,136651,120276,167133,51,0,0,1418853,0,48,809387,56032,525551,205944,136651,120276,167133,51,0,0,1418853,0,-2048,809387,56032,525551,205944,136651,120276,167133,51,0,0,1418853,0,1137,809387,56032,525551,205944,136651,120276,167133,51,0,0,1169504,0,661,1666039,556412,213141,294180,591959,119442,259041,51,0,0,1169504,0,-349,1666039,556412,213141,294180,591959,119442,259041,51,0,0,1169504,0,629,1666039,556412,213141,294180,591959,119442,259041,51,0
3,0,1418853,0,44,809387,56032,525551,205944,136651,120276,167133,51,0,0,1418853,0,44,809387,56032,525551,205944,136651,120276,167133,51,0,0,1418853,0,44,809387,56032,525551,205944,136651,120276,167133,51,0,0,1418853,0,48,809387,56032,525551,205944,136651,120276,167133,51,0,0,1418853,0,-2048,809387,56032,525551,205944,136651,120276,167133,51,0,0,1418853,0,1137,809387,56032,525551,205944,136651,120276,167133,51,0,0,1169504,0,661,1666039,556412,213141,294180,591959,119442,259041,51,0,0,1169504,0,-349,1666039,556412,213141,294180,591959,119442,259041,51,0,0,1169504,0,629,1666039,556412,213141,294180,591959,119442,259041,51,0,0,1169504,0,135,1666039,556412,213141,294180,591959,119442,259041,51,0
3,0,1418853,0,44,809387,56032,525551,205944,136651,120276,167133,51,0,0,1418853,0,44,809387,56032,525551,205944,136651,120276,167133,51,0,0,1418853,0,48,809387,56032,525551,205944,136651,120276,167133,51,0,0,1418853,0,-2048,809387,56032,525551,205944,136651,120276,167133,51,0,0,1418853,0,1137,809387,56032,525551,205944,136651,120276,167133,51,0,0,1169504,0,661,1666039,556412,213141,294180,591959,119442,259041,51,0,0,1169504,0,-349,1666039,556412,213141,294180,591959,119442,259041,51,0,0,1169504,0,629,1666039,556412,213141,294180,591959,119442,259041,51,0,0,1169504,0,135,1666039,556412,213141,294180,591959,119442,259041,51,0,0,1169504,0,103,1666039,556412,213141,294180,591959,119442,259041,51,0
3,0,1418853,0,44,809387,56032,525551,205944,136651,120276,167133,51,0,0,1418853,0,48,809387,56032,525551,205944,136651,120276,167133,51,0,0,1418853,0,-2048,809387,56032,525551,205944,136651,120276,167133,51,0,0,1418853,0,1137,809387,56032,525551,205944,136651,120276,167133,51,0,0,1169504,0,661,1666039,556412,213141,294180,591959,119442,259041,51,0,0,1169504,0,-349,1666039,556412,213141,294180,591959,119442,259041,51,0,0,1169504,0,629,1666039,556412,213141,294180,591959,119442,259041,51,0,0,1169504,0,135,1666039,556412,213141,294180,591959,119442,259041,51,0,0,1169504,0,103,1666039,556412,213141,294180,591959,119442,259041,51,0,0,1169504,0,160,1666039,556412,213141,294180,591959,119442,259041,51,0
3,0,1418853,0,48,809387,56032,525551,205944,136651,120276,167133,51,0,0,1418853,0,-2048,809387,56032,525551,205944,136651,120276,167133,51,0,0,1418853,0,1137,809387,56032,525551,205944,136651,120276,167133,51,0,0,1169504,0,661,1666039,556412,213141,294180,591959,119442,259041,51,0,0,1169504,0,-349,1666039,556412,213141,294180,591959,119442,259041,51,0,0,1169504,0,629,1666039,556412,213141,294180,591959,119442,259041,51,0,0,1169504,0,135,1666039,556412,213141,294180,591959,119442,259041,51,0,0,1169504,0,103,1666039,556412,213141,294180,591959,119442,259041,51,0,0,1169504,0,160,1666039,556412,213141,294180,591959,119442,259041,51,0,0,1169504,0,-2048,1666039,556412,213141,294180,591959,119442,259041,51,0
3,0,1418853,0,-2048,809387,56032,525551,205944,136651,120276,167133,51,0,0,1418853,0,1137,809387,56032,525551,205944,136651,120276,167133,51,0,0,1169504,0,661,1666039,556412,213141,294180,591959,119442,259041,51,0,0,1169504,0,-349,1666039,556412,213141,294180,591959,119442,259041,51,0,0,1169504,0,629,1666039,556412,213141,294180,591959,119442,259041,51,0,0,1169504,0,135,1666039,556412,213141,294180,591959,119442,259041,51,0,0,1169504,0,103,1666039,556412,213141,294180,591959,119442,259041,51,0,0,1169504,0,160,1666039,556412,213141,294180,591959,119442,259041,51,0,0,1169504,0,-2048,1666039,556412,213141,294180,591959,119442,259041,51,0,0,1169504,0,-292,1666039,556412,213141,294180,591959,119442,259041,51,0
3,0,1418853,0,1137,809387,56032,525551,205944,136651,120276,167133,51,0,0,1169504,0,661,1666039,556412,213141,294180,591959,119442,259041,51,0,0,1169504,0,-349,1666039,556412,213141,294180,591959,119442,259041,51,0,0,1169504,0,629,1666039,556412,213141,294180,591959,119442,259041,51,0,0,1169504,0,135,1666039,556412,213141,294180,591959,119442,259041,51,0,0,1169504,0,103,1666039,556412,213141,294180,591959,119442,259041,51,0,0,1169504,0,160,1666039,556412,213141,294180,591959,119442,259041,51,0,0,1169504,0,-2048,1666039,556412,213141,294180,591959,119442,259041,51,0,0,1169504,0,-292,1666039,556412,213141,294180,591959,119442,259041,51,0,0,1169504,0,-6,1666039,556412,213141,294180,591959,119442,259041,51,0
3,0,1169504,0,661,1666039,556412,213141,294180,591959,119442,259041,51,0,0,1169504,0,-349,1666039,556412,213141,294180,591959,119442,259041,51,0,0,1169504,0,629,1666039,556412,213141,294180,591959,119442,259041,51,0,0,1169504,0,135,1666039,556412,213141,294180,591959,119442,259041,51,0,0,1169504,0,103,1666039,556412,213141,294180,591959,119442,259041,51,0,0,1169504,0,160,1666039,556412,213141,294180,591959,119442,259041,51,0,0,1169504,0,-2048,1666039,556412,213141,294180,591959,119442,259041,51,0,0,1169504,0,-292,1666039,556412,213141,294180,591959,119442,259041,51,0,0,1169504,0,-6,1666039,556412,213141,294180,591959,119442,259041,51,0,0,1169504,0,952,1666039,556412,213141,294180,591959,119442,259041,51,0
3,0,1169504,0,-349,1666039,556412,213141,294180,591959,119442,259041,51,0,0,1169504,0,629,1666039,556412,213141,294180,591959,119442,259041,51,0,0,1169504,0,135,1666039,556412,213141,294180,591959,119442,259041,51,0,0,1169504,0,103,1666039,556412,213141,294180,591959,119442,259041,51,0,0,1169504,0,160,1666039,556412,213141,294180,591959,119442,259041,51,0,0,1169504,0,-2048,1666039,556412,213141,294180,591959,119442,259041,51,0,0,1169504,0,-292,1666039,556412,213141,294180,591959,119442,259041,51,0,0,1169504,0,-6,1666039,556412,213141,294180,591959,119442,259041,51,0,0,1169504,0,952,1666039,556412,213141,294180,591959,119442,259041,51,0,0,1451261,0,192,227014,320843,70780,119301,68815,67547,82215,51,0
3,0,1169504,0,629,1666039,556412,213141,294180,591959,119442,259041,51,0,0,1169504,0,135,1666039,556412,213141,294180,591959,119442,259041,51,0,0,1169504,0,103,1666039,556412,213141,294180,591959,119442,259041,51,0,0,1169504,0,160,1666039,556412,213141,294180,591959,119442,259041,51,0,0,1169504,0,-2048,1666039,556412,213141,294180,591959,119442,259041,51,0,0,1169504,0,-292,1666039,556412,213141,294180,591959,119442,259041,51,0,0,1169504,0,-6,1666039,556412,213141,294180,591959,119442,259041,51,0,0,1169504,0,952,1666039,556412,213141,294180,591959,119442,259041,51,0,0,1451261,0,192,227014,320843,70780,119301,68815,67547,82215,51,0,0,1451261,0,-82,227014,320843,70780,119301,68815,67547,82215,51,0
3,0,1169504,0,135,1666039,556412,213141,294180,591959,119442,259041,51,0,0,1169504,0,103,1666039,556412,213141,294180,591959,119442,259041,51,0,0,1169504,0,160,1666039,556412,213141,294180,591959,119442,259041,51,0,0,1169504,0,-2048,1666039,556412,213141,294180,591959,119442,259041,51,0,0,1169504,0,-292,1666039,556412,213141,294180,591959,119442,259041,51,0,0,1169504,0,-6,1666039,556412,213141,294180,591959,119442,259041,51,0,0,1169504,0,952,1666039,556412,213141,294180,591959,119442,259041,51,0,0,1451261,0,192,227014,320843,70780,119301,68815,67547,82215,51,0,0,1451261,0,-82,227014,320843,70780,119301,68815,67547,82215,51,0,0,1451261,0,-956,227014,320843,70780,119301,68815,67547,82215,51,0
3,0,1169504,0,103,1666039,556412,213141,294180,591959,119442,259041,51,0,0,1169504,0,160,1666039,556412,213141,294180,591959,119442,259041,51,0,0,1169504,0,-2048,1666039,556412,213141,294180,591959,119442,259041,51,0,0,1169504,0,-292,1666039,556412,213141,294180,591959,119442,259041,51,0,0,1169504,0,-6,1666039,556412,213141,294180,591959,119442,259041,51,0,0,1169504,0,952,1666039,556412,213141,294180,591959,119442,259041,51,0,0,1451261,0,192,227014,320843,70780,119301,68815,67547,82215,51,0,0,1451261,0,-82,227014,320843,70780,119301,68815,67547,82215,51,0,0,1451261,0,-956,227014,320843,70780,119301,68815,67547,82215,51,0,0,1451261,0,1090,227014,320843,70780,119301,68815,67547,82215,51,0
3,0,1169504,0,160,1666039,556412,213141,294180,591959,119442,259041,51,0,0,1169504,0,-2048,1666039,556412,213141,294180,591959,119442,259041,51,0,0,1169504,0,-292,1666039,556412,213141,294180,591959,119442,259041,51,0,0,1169504,0,-6,1666039,556412,213141,294180,591959,119442,259041,51,0,0,1169504,0,952,1666039,556412,213141,294180,591959,119442,259041,51,0,0,1451261,0,192,227014,320843,70780,119301,68815,67547,82215,51,0,0,1451261,0,-82,227014,320843,70780,119301,68815,67547,82215,51,0,0,1451261,0,-956,227014,320843,70780,119301,68815,67547,82215,51,0,0,1451261,0,1090,227014,320843,70780,119301,68815,67547,82215,51,0,0,1451261,0,208,227014,320843,70780,119301,68815,67547,82215,51,0
3,0,1169504,0,-2048,1666039,556412,213141,294180,591959,119442,259041,51,0,0,1169504,0,-292,1666039,556412,213141,294180,591959,119442,259041,51,0,0,1169504,0,-6,1666039,556412,213141,294180,591959,119442,259041,51,0,0,1169504,0,952,1666039,556412,213141,294180,591959,119442,259041,51,0,0,1451261,0,192,227014,320843,70780,119301,68815,67547,82215,51,0,0,1451261,0,-82,227014,320843,70780,119301,68815,67547,82215,51,0,0,1451261,0,-956,227014,320843,70780,119301,68815,67547,82215,51,0,0,1451261,0,1090,227014,320843,70780,119301,68815,67547,82215,51,0,0,1451261,0,208,227014,320843,70780,119301,68815,67547,82215,51,0,0,1451261,0,70,227014,320843,70780,119301,68815,67547,82215,51,0
3,0,1169504,0,-292,1666039,556412,213141,294180,591959,119442,259041,51,0,0,1169504,0,-6,1666039,556412,213141,294180,591959,119442,259041,51,0,0,1169504,0,952,1666039,556412,213141,294180,591959,119442,259041,51,0,0,1451261,0,192,227014,320843,70780,119301,68815,67547,82215,51,0,0,1451261,0,-82,227014,320843,70780,119301,68815,67547,82215,51,0,0,1451261,0,-956,227014,320843,70780,119301,68815,67547,82215,51,0,0,1451261,0,1090,227014,320843,70780,119301,68815,67547,82215,51,0,0,1451261,0,208,227014,320843,70780,119301,68815,67547,82215,51,0,0,1451261,0,70,227014,320843,70780,119301,68815,67547,82215,51,0,0,1451261,0,49,227014,320843,70780,119301,68815,67547,82215,51,0
3,0,1169504,0,-6,1666039,556412,213141,294180,591959,119442,259041,51,0,0,1169504,0,952,1666039,556412,213141,294180,591959,119442,259041,51,0,0,1451261,0,192,227014,320843,70780,119301,68815,67547,82215,51,0,0,1451261,0,-82,227014,320843,70780,119301,68815,67547,82215,51,0,0,1451261,0,-956,227014,320843,70780,119301,68815,67547,82215,51,0,0,1451261,0,1090,227014,320843,70780,119301,68815,67547,82215,51,0,0,1451261,0,208,227014,320843,70780,119301,68815,67547,82215,51,0,0,1451261,0,70,227014,320843,70780,119301,68815,67547,82215,51,0,0,1451261,0,49,227014,320843,70780,119301,68815,67547,82215,51,0,0,1451261,0,44,227014,320843,70780,119301,68815,67547,82215,51,0
3,0,1169504,0,952,1666039,556412,213141,294180,591959,119442,259041,51,0,0,1451261,0,192,227014,320843,70780,119301,68815,67547,82215,51,0,0,1451261,0,-82,227014,320843,70780,119301,68815,67547,82215,51,0,0,1451261,0,-956,227014,320843,70780,119301,68815,67547,82215,51,0,0,1451261,0,1090,227014,320843,70780,119301,68815,67547,82215,51,0,0,1451261,0,208,227014,320843,70780,119301,68815,67547,82215,51,0,0,1451261,0,70,227014,320843,70780,119301,68815,67547,82215,51,0,0,1451261,0,49,227014,320843,70780,119301,68815,67547,82215,51,0,0,1451261,0,44,227014,320843,70780,119301,68815,67547,82215,51,0,0,1451261,0,43,227014,320843,70780,119301,68815,67547,82215,51,0
3,0,1451261,0,192,227014,320843,70780,119301,68815,67547,82215,51,0,0,1451261,0,-82,227014,320843,70780,119301,68815,67547,82215,51,0,0,1451261,0,-956,227014,320843,70780,119301,68815,67547,82215,51,0,0,1451261,0,1090,227014,320843,70780,119301,68815,67547,82215,51,0,0,1451261,0,208,227014,320843,70780,119301,68815,67547,82215,51,0,0,1451261,0,70,227014,320843,70780,119301,68815,67547,82215,51,0,0,1451261,0,49,227014,320843,70780,119301,68815,67547,82215,51,0,0,1451261,0,44,227014,320843,70780,119301,68815,67547,82215,51,0,0,1451261,0,43,227014,320843,70780,119301,68815,67547,82215,51,0,0,722243,0,100,119327,29455,4831,2652,13602,7319,3917,51,0
3,0,1451261,0,-82,227014,320843,70780,119301,68815,67547,82215,51,0,0,1451261,0,-956,227014,320843,70780,119301,68815,67547,82215,51,0,0,1451261,0,1090,227014,320843,70780,119301,68815,67547,82215,51,0,0,1451261,0,208,227014,320843,70780,119301,68815,67547,82215,51,0,0,1451261,0,70,227014,320843,70780,119301,68815,67547,82215,51,0,0,1451261,0,49,227014,320843,70780,119301,68815,67547,82215,51,0,0,1451261,0,44,227014,320843,70780,119301,68815,67547,82215,51,0,0,1451261,0,43,227014,320843,70780,119301,68815,67547,82215,51,0,0,722243,0,100,119327,29455,4831,2652,13602,7319,3917,51,0,0,722243,0,498,119327,29455,4831,2652,13602,7319,3917,51,0
3,0,1451261,0,-956,227014,320843,70780,119301,68815,67547,82215,51,0,0,1451261,0,1090,227014,320843,70780,119301,68815,67547,82215,51,0,0,1451261,0,208,227014,320843,70780,119301,68815,67547,82215,51,0,0,1451261,0,70,227014,320843,70780,119301,68815,67547,82215,51,0,0,1451261,0,49,227014,320843,70780,119301,68815,67547,82215,51,0,0,1451261,0,44,227014,320843,70780,119301,68815,67547,82215,51,0,0,1451261,0,43,227014,320843,70780,119301,68815,67547,82215,51,0,0,722243,0,100,119327,29455,4831,2652,13602,7319,3917,51,0,0,722243,0,498,119327,29455,4831,2652,13602,7319,3917,51,0,0,722243,0,-158,119327,29455,4831,2652,13602,7319,3917,51,0
3,0,1451261,0,1090,227014,320843,70780,119301,68815,67547,82215,51,0,0,1451261,0,208,227014,320843,70780,119301,68815,67547,82215,51,0,0,1451261,0,70,227014,320843,70780,119301,68815,67547,82215,51,0,0,1451261,0,49,227014,320843,70780,119301,68815,67547,82215,51,0,0,1451261,0,44,227014,320843,70780,119301,68815,67547,82215,51,0,0,1451261,0,43,227014,320843,70780,119301,68815,67547,82215,51,0,0,722243,0,100,119327,29455,4831,2652,13602,7319,3917,51,0,0,722243,0,498,119327,29455,4831,2652,13602,7319,3917,51,0,0,722243,0,-158,119327,29455,4831,2652,13602,7319,3917,51,0,0,722243,0,155,119327,29455,4831,2652,13602,7319,3917,51,0
3,0,1451261,0,208,227014,320843,70780,119301,68815,67547,82215,51,0,0,1451261,0,70,227014,320843,70780,119301,68815,67547,82215,51,0,0,1451261,0,49,227014,320843,70780,119301,68815,67547,82215,51,0,0,1451261,0,44,227014,320843,70780,119301,68815,67547,82215,51,0,0,1451261,0,43,227014,320843,70780,119301,68815,67547,82215,51,0,0,722243,0,100,119327,29455,4831,2652,13602,7319,3917,51,0,0,722243,0,498,119327,29455,4831,2652,13602,7319,3917,51,0,0,722243,0,-158,119327,29455,4831,2652,13602,7319,3917,51,0,0,722243,0,155,119327,29455,4831,2652,13602,7319,3917,51,0,0,722243,0,65,119327,29455,4831,2652,13602,7319,3917,51,0
3,0,1451261,0,70,227014,320843,70780,119301,68815,67547,82215,51,0,0,1451261,0,49,227014,320843,70780,119301,68815,67547,82215,51,0,0,1451261,0,44,227014,320843,70780,119301,68815,67547,82215,51,0,0,1451261,0,43,227014,320843,70780,119301,68815,67547,82215,51,0,0,722243,0,100,119327,29455,4831,2652,13602,7319,3917,51,0,0,722243,0,498,119327,29455,4831,2652,13602,7319,3917,51,0,0,722243,0,-158,119327,29455,4831,2652,13602,7319,3917,51,0,0,722243,0,155,119327,29455,4831,2652,13602,7319,3917,51,0,0,722243,0,65,119327,29455,4831,2652,13602,7319,3917,51,0,0,722243,0,-2048,119327,29455,4831,2652,13602,7319,3917,51,0
3,0,1451261,0,49,227014,320843,70780,119301,68815,67547,82215,51,0,0,1451261,0,44,227014,320843,70780,119301,68815,67547,82215,51,0,0,1451261,0,43,227014,320843,70780,119301,68815,67547,82215,51,0,0,722243,0,100,119327,29455,4831,2652,13602,7319,3917,51,0,0,722243,0,498,119327,29455,4831,2652,13602,7319,3917,51,0,0,722243,0,-158,119327,29455,4831,2652,13602,7319,3917,51,0,0,722243,0,155,119327,29455,4831,2652,13602,7319,3917,51,0,0,722243,0,65,119327,29455,4831,2652,13602,7319,3917,51,0,0,722243,0,-2048,119327,29455,4831,2652,13602,7319,3917,51,0,0,722243,0,-326,119327,29455,4831,2652,13602,7319,3917,51,0
3,0,1451261,0,44,227014,320843,70780,119301,68815,67547,82215,51,0,0,1451261,0,43,227014,320843,70780,119301,68815,67547,82215,51,0,0,722243,0,100,119327,29455,4831,2652,13602,7319,3917,51,0,0,722243,0,498,119327,29455,4831,2652,13602,7319,3917,51,0,0,722243,0,-158,119327,29455,4831,2652,13602,7319,3917,51,0,0,722243,0,155,119327,29455,4831,2652,13602,7319,3917,51,0,0,722243,0,65,119327,29455,4831,2652,13602,7319,3917,51,0,0,722243,0,-2048,119327,29455,4831,2652,13602,7319,3917,51,0,0,722243,0,-326,119327,29455,4831,2652,13602,7319,3917,51,0,0,722243,0,-10,119327,29455,4831,2652,13602,7319,3917,51,0
3,0,1451261,0,43,227014,320843,70780,119301,68815,67547,82215,51,0,0,722243,0,100,119327,29455,4831,2652,13602,7319,3917,51,0,0,722243,0,498,119327,29455,4831,2652,13602,7319,3917,51,0,0,722243,0,-158,119327,29455,4831,2652,13602,7319,3917,51,0,0,722243,0,155,119327,29455,4831,2652,13602,7319,3917,51,0,0,722243,0,65,119327,29455,4831,2652,13602,7319,3917,51,0,0,722243,0,-2048,119327,29455,4831,2652,13602,7319,3917,51,0,0,722243,0,-326,119327,29455,4831,2652,13602,7319,3917,51,0,0,722243,0,-10,119327,29455,4831,2652,13602,7319,3917,51,0,0,722243,0,2047,119327,29455,4831,2652,13602,7319,3917,51,0
3,0,722243,0,100,119327,29455,4831,2652,13602,7319,3917,51,0,0,722243,0,498,119327,29455,4831,2652,13602,7319,3917,51,0,0,722243,0,-158,119327,29455,4831,2652,13602,7319,3917,51,0,0,722243,0,155,119327,29455,4831,2652,13602,7319,3917,51,0,0,722243,0,65,119327,29455,4831,2652,13602,7319,3917,51,0,0,722243,0,-2048,119327,29455,4831,2652,13602,7319,3917,51,0,0,722243,0,-326,119327,29455,4831,2652,13602,7319,3917,51,0,0,722243,0,-10,119327,29455,4831,2652,13602,7319,3917,51,0,0,722243,0,2047,119327,29455,4831,2652,13602,7319,3917,51,0,0,722243,0,696,119327,29455,4831,2652,13602,7319,3917,51,0
3,0,722243,0,498,119327,29455,4831,2652,13602,7319,3917,51,0,0,722243,0,-158,119327,29455,4831,2652,13602,7319,3917,51,0,0,722243,0,155,119327,29455,4831,2652,13602,7319,3917,51,0,0,722243,0,65,119327,29455,4831,2652,13602,7319,3917,51,0,0,722243,0,-2048,119327,29455,4831,2652,13602,7319,3917,51,0,0,722243,0,-326,119327,29455,4831,2652,13602,7319,3917,51,0,0,722243,0,-10,119327,29455,4831,2652,13602,7319,3917,51,0,0,722243,0,2047,119327,29455,4831,2652,13602,7319,3917,51,0,0,722243,0,696,119327,29455,4831,2652,13602,7319,3917,51,0,0,1986109,0,630,1233214,698265,91920,279705,95229,124776,125660,51,0
3,0,722243,0,-158,119327,29455,4831,2652,13602,7319,3917,51,0,0,722243,0,155,119327,29455,4831,2652,13602,7319,3917,51,0,0,722243,0,65,119327,29455,4831,2652,13602,7319,3917,51,0,0,722243,0,-2048,119327,29455,4831,2652,13602,7319,3917,51,0,0,722243,0,-326,119327,29455,4831,2652,13602,7319,3917,51,0,0,722243,0,-10,119327,29455,4831,2652,13602,7319,3917,51,0,0,722243,0,2047,119327,29455,4831,2652,13602,7319,3917,51,0,0,722243,0,696,119327,29455,4831,2652,13602,7319,3917,51,0,0,1986109,0,630,1233214,698265,91920,279705,95229,124776,125660,51,0,0,1986109,0,2047,1233214,698265,91920,279705,95229,124776,125660,51,0
3,0,722243,0,155,119327,29455,4831,2652,13602,7319,3917,51,0,0,722243,0,65,119327,29455,4831,2652,13602,7319,3917,51,0,0,722243,0,-2048,119327,29455,4831,2652,13602,7319,3917,51,0,0,722243,0,-326,119327,29455,4831,2652,13602,7319,3917,51,0,0,722243,0,-10,119327,29455,4831,2652,13602,7319,3917,51,0,0,722243,0,2047,119327,29455,4831,2652,13602,7319,3917,51,0,0,722243,0,696,119327,29455,4831,2652,13602,7319,3917,51,0,0,1986109,0,630,1233214,698265,91920,279705,95229,124776,125660,51,0,0,1986109,0,2047,1233214,698265,91920,279705,95229,124776,125660,51,0,0,1986109,0,1035,1233214,698265,91920,279705,95229,124776,125660,51,0
3,0,722243,0,65,119327,29455,4831,2652,13602,7319,3917,51,0,0,722243,0,-2048,119327,29455,4831,2652,13602,7319,3917,51,0,0,722243,0,-326,119327,29455,4831,2652,13602,7319,3917,51,0,0,722243,0,-10,119327,29455,4831,2652,13602,7319,3917,51,0,0,722243,0,2047,119327,29455,4831,2652,13602,7319,3917,51,0,0,722243,0,696,119327,29455,4831,2652,13602,7319,3917,51,0,0,1986109,0,630,1233214,698265,91920,279705,95229,124776,125660,51,0,0,1986109,0,2047,1233214,698265,91920,279705,95229,124776,125660,51,0,0,1986109,0,1035,1233214,698265,91920,279705,95229,124776,125660,51,0,0,1986109,0,442,1233214,698265,91920,279705,95229,124776,125660,51,0
3,0,722243,0,-2048,119327,29455,4831,2652,13602,7319,3917,51,0,0,722243,0,-326,119327,29455,4831,2652,13602,7319,3917,51,0,0,722243,0,-10,119327,29455,4831,2652,13602,7319,3917,51,0,0,722243,0,2047,119327,29455,4831,2652,13602,7319,3917,51,0,0,722243,0,696,119327,29455,4831,2652,13602,7319,3917,51,0,0,1986109,0,630,1233214,698265,91920,279705,95229,124776,125660,51,0,0,1986109,0,2047,1233214,698265,91920,279705,95229,124776,125660,51,0,0,1986109,0,1035,1233214,698265,91920,279705,95229,124776,125660,51,0,0,1986109,0,442,1233214,698265,91920,279705,95229,124776,125660,51,0,0,1986109,0,-1929,1233214,698265,91920,279705,95229,124776,125660,51,0
3,0,722243,0,-326,119327,29455,4831,2652,13602,7319,3917,51,0,0,722243,0,-10,119327,29455,4831,2652,13602,7319,3917,51,0,0,722243,0,2047,119327,29455,4831,2652,13602,7319,3917,51,0,0,722243,0,696,119327,29455,4831,2652,13602,7319,3917,51,0,0,1986109,0,630,1233214,698265,91920,279705,95229,124776,125660,51,0,0,1986109,0,2047,1233214,698265,91920,279705,95229,124776,125660,51,0,0,1986109,0,1035,1233214,698265,91920,279705,95229,124776,125660,51,0,0,1986109,0,442,1233214,698265,91920,279705,95229,124776,125660,51,0,0,1986109,0,-1929,1233214,698265,91920,279705,95229,124776,125660,51,0,0,1986109,0,240,1233214,698265,91920,279705,95229,124776,125660,51,0
3,0,722243,0,-10,119327,29455,4831,2652,13602,7319,3917,51,0,0,722243,0,2047,119327,29455,4831,2652,13602,7319,3917,51,0,0,722243,0,696,119327,29455,4831,2652,13602,7319,3917,51,0,0,1986109,0,630,1233214,698265,91920,279705,95229,124776,125660,51,0,0,1986109,0,2047,1233214,698265,91920,279705,95229,124776,125660,51,0,0,1986109,0,1035,1233214,698265,91920,279705,95229,124776,125660,51,0,0,1986109,0,442,1233214,698265,91920,279705,95229,124776,125660,51,0,0,1986109,0,-1929,1233214,698265,91920,279705,95229,124776,125660,51,0,0,1986109,0,240,1233214,698265,91920,279705,95229,124776,125660,51,0,0,1986109,0,74,1233214,698265,91920,279705,95229,124776,125660,51,0
3,0,722243,0,2047,119327,29455,4831,2652,13602,7319,3917,51,0,0,722243,0,696,119327,29455,4831,2652,13602,7319,3917,51,0,0,1986109,0,630,1233214,698265,91920,279705,95229,124776,125660,51,0,0,1986109,0,2047,1233214,698265,91920,279705,95229,124776,125660,51,0,0,1986109,0,1035,1233214,698265,91920,279705,95229,124776,125660,51,0,0,1986109,0,442,1233214,698265,91920,279705,95229,124776,125660,51,0,0,1986109,0,-1929,1233214,698265,91920,279705,95229,124776,125660,51,0,0,1986109,0,240,1233214,698265,91920,279705,95229,124776,125660,51,0,0,1986109,0,74,1233214,698265,91920,279705,95229,124776,125660,51,0,0,1986109,0,2047,1233214,698265,91920,279705,95229,124776,125660,51,0
3,0,722243,0,696,119327,29455,4831,2652,13602,7319,3917,51,0,0,1986109,0,630,1233214,698265,91920,279705,95229,124776,125660,51,0,0,1986109,0,2047,1233214,698265,91920,279705,95229,124776,125660,51,0,0,1986109,0,1035,1233214,698265,91920,279705,95229,124776,125660,51,0,0,1986109,0,442,1233214,698265,91920,279705,95229,124776,125660,51,0,0,1986109,0,-1929,1233214,698265,91920,279705,95229,124776,125660,51,0,0,1986109,0,240,1233214,698265,91920,279705,95229,124776,125660,51,0,0,1986109,0,74,1233214,698265,91920,279705,95229,124776,125660,51,0,0,1986109,0,2047,1233214,698265,91920,279705,95229,124776,125660,51,0,0,1986109,0,551,1233214,698265,91920,279705,95229,124776,125660,51,0
3,0,1986109,0,630,1233214,698265,91920,279705,95229,124776,125660,51,0,0,1986109,0,2047,1233214,698265,91920,279705,95229,124776,125660,51,0,0,1986109,0,1035,1233214,698265,91920,279705,95229,124776,125660,51,0,0,1986109,0,442,1233214,698265,91920,279705,95229,124776,125660,51,0,0,1986109,0,-1929,1233214,698265,91920,279705,95229,124776,125660,51,0,0,1986109,0,240,1233214,698265,91920,279705,95229,124776,125660,51,0,0,1986109,0,74,1233214,698265,91920,279705,95229,124776,125660,51,0,0,1986109,0,2047,1233214,698265,91920,279705,95229,124776,125660,51,0,0,1986109,0,551,1233214,698265,91920,279705,95229,124776,125660,51,0,0,1986109,0,250,1233214,698265,91920,279705,95229,124776,125660,51,0
3,0,1986109,0,2047,1233214,698265,91920,279705,95229,124776,125660,51,0,0,1986109,0,1035,1233214,698265,91920,279705,95229,124776,125660,51,0,0,1986109,0,442,1233214,698265,91920,279705,95229,124776,125660,51,0,0,1986109,0,-1929,1233214,698265,91920,279705,95229,124776,125660,51,0,0,1986109,0,240,1233214,698265,91920,279705,95229,124776,125660,51,0,0,1986109,0,74,1233214,698265,91920,279705,95229,124776,125660,51,0,0,1986109,0,2047,1233214,698265,91920,279705,95229,124776,125660,51,0,0,1986109,0,551,1233214,698265,91920,279705,95229,124776,125660,51,0,0,1986109,0,250,1233214,698265,91920,279705,95229,124776,125660,51,0,0,265757,0,83,388020,88476,50379,45289,41553,39582,103438,51,0
3,0,1986109,0,1035,1233214,698265,91920,279705,95229,124776,125660,51,0,0,1986109,0,442,1233214,698265,91920,279705,95229,124776,125660,51,0,0,1986109,0,-1929,1233214,698265,91920,279705,95229,124776,125660,51,0,0,1986109,0,240,1233214,698265,91920,279705,95229,124776,125660,51,0,0,1986109,0,74,1233214,698265,91920,279705,95229,124776,125660,51,0,0,1986109,0,2047,1233214,698265,91920,279705,95229,124776,125660,51,0,0,1986109,0,551,1233214,698265,91920,279705,95229,124776,125660,51,0,0,1986109,0,250,1233214,698265,91920,279705,95229,124776,125660,51,0,0,265757,0,83,388020,88476,50379,45289,41553,39582,103438,51,0,0,265757,0,83,388020,88476,50379,45289,41553,39582,103438,51,0
3,0,1986109,0,442,1233214,698265,91920,279705,95229,124776,125660,51,0,0,1986109,0,-1929,1233214,698265,91920,279705,95229,124776,125660,51,0,0,1986109,0,240,1233214,698265,91920,279705,95229,124776,125660,51,0,0,1986109,0,74,1233214,698265,91920,279705,95229,124776,125660,51,0,0,1986109,0,2047,1233214,698265,91920,279705,95229,124776,125660,51,0,0,1986109,0,551,1233214,698265,91920,279705,95229,124776,125660,51,0,0,1986109,0,250,1233214,698265,91920,279705,95229,124776,125660,51,0,0,265757,0,83,388020,88476,50379,45289,41553,39582,103438,51,0,0,265757,0,83,388020,88476,50379,45289,41553,39582,103438,51,0,0,265757,0,118,388020,88476,50379,45289,41553,39582,103438,51,0
3,0,1986109,0,-1929,1233214,698265,91920,279705,95229,124776,125660,51,0,0,1986109,0,240,1233214,698265,91920,279705,95229,124776,125660,51,0,0,1986109,0,74,1233214,698265,91920,279705,95229,124776,125660,51,0,0,1986109,0,2047,1233214,698265,91920,279705,95229,124776,125660,51,0,0,1986109,0,551,1233214,698265,91920,279705,95229,124776,125660,51,0,0,1986109,0,250,1233214,698265,91920,279705,95229,124776,125660,51,0,0,265757,0,83,388020,88476,50379,45289,41553,39582,103438,51,0,0,265757,0,83,388020,88476,50379,45289,41553,39582,103438,51,0,0,265757,0,118,388020,88476,50379,45289,41553,39582,103438,51,0,0,265757,0,-1894,388020,88476,50379,45289,41553,39582,103438,51,0
3,0,1986109,0,240,1233214,698265,91920,279705,95229,124776,125660,51,0,0,1986109,0,74,1233214,698265,91920,279705,95229,124776,125660,51,0,0,1986109,0,2047,1233214,698265,91920,279705,95229,124776,125660,51,0,0,1986109,0,551,1233214,698265,91920,279705,95229,124776,125660,51,0,0,1986109,0,250,1233214,698265,91920,279705,95229,124776,125660,51,0,0,265757,0,83,388020,88476,50379,45289,41553,39582,103438,51,0,0,265757,0,83,388020,88476,50379,45289,41553,39582,103438,51,0,0,265757,0,118,388020,88476,50379,45289,41553,39582,103438,51,0,0,265757,0,-1894,388020,88476,50379,45289,41553,39582,103438,51,0,0,265757,0,453,388020,88476,50379,45289,41553,39582,103438,51,0
3,0,1986109,0,74,1233214,698265,91920,279705,95229,124776,125660,51,0,0,1986109,0,2047,1233214,698265,91920,279705,95229,124776,125660,51,0,0,1986109,0,551,1233214,698265,91920,279705,95229,124776,125660,51,0,0,1986109,0,250,1233214,698265,91920,279705,95229,124776,125660,51,0,0,265757,0,83,388020,88476,50379,45289,41553,39582,103438,51,0,0,265757,0,83,388020,88476,50379,45289,41553,39582,103438,51,0,0,265757,0,118,388020,88476,50379,45289,41553,39582,103438,51,0,0,265757,0,-1894,388020,88476,50379,45289,41553,39582,103438,51,0,0,265757,0,453,388020,88476,50379,45289,41553,39582,103438,51,0,0,265757,0,663,388020,88476,50379,45289,41553,39582,103438,51,0
3,0,1986109,0,2047,1233214,698265,91920,279705,95229,124776,125660,51,0,0,1986109,0,551,1233214,698265,91920,279705,95229,124776,125660,51,0,0,1986109,0,250,1233214,698265,91920,279705,95229,124776,125660,51,0,0,265757,0,83,388020,88476,50379,45289,41553,39582,103438,51,0,0,265757,0,83,388020,88476,50379,45289,41553,39582,103438,51,0,0,265757,0,118,388020,88476,50379,45289,41553,39582,103438,51,0,0,265757,0,-1894,388020,88476,50379,45289,41553,39582,103438,51,0,0,265757,0,453,388020,88476,50379,45289,41553,39582,103438,51,0,0,265757,0,663,388020,88476,50379,45289,41553,39582,103438,51,0,0,265757,0,154,388020,88476,50379,45289,41553,39582,103438,51,0
3,0,1986109,0,551,1233214,698265,91920,279705,95229,124776,125660,51,0,0,1986109,0,250,1233214,698265,91920,279705,95229,124776,125660,51,0,0,265757,0,83,388020,88476,50379,45289,41553,39582,103438,51,0,0,265757,0,83,388020,88476,50379,45289,41553,39582,103438,51,0,0,265757,0,118,388020,88476,50379,45289,41553,39582,103438,51,0,0,265757,0,-1894,388020,88476,50379,45289,41553,39582,103438,51,0,0,265757,0,453,388020,88476,50379,45289,41553,39582,103438,51,0,0,265757,0,663,388020,88476,50379,45289,41553,39582,103438,51,0,0,265757,0,154,388020,88476,50379,45289,41553,39582,103438,51,0,0,265757,0,2047,388020,88476,50379,45289,41553,39582,103438,51,0
3,0,1986109,0,250,1233214,698265,91920,279705,95229,124776,125660,51,0,0,265757,0,83,388020,88476,50379,45289,41553,39582,103438,51,0,0,265757,0,83,388020,88476,50379,45289,41553,39582,103438,51,0,0,265757,0,118,388020,88476,50379,45289,41553,39582,103438,51,0,0,265757,0,-1894,388020,88476,50379,45289,41553,39582,103438,51,0,0,265757,0,453,388020,88476,50379,45289,41553,39582,103438,51,0,0,265757,0,663,388020,88476,50379,45289,41553,39582,103438,51,0,0,265757,0,154,388020,88476,50379,45289,41553,39582,103438,51,0,0,265757,0,2047,388020,88476,50379,45289,41553,39582,103438,51,0,0,265757,0,2047,388020,88476,50379,45289,41553,39582,103438,51,0
3,0,265757,0,83,388020,88476,50379,45289,41553,39582,103438,51,0,0,265757,0,83,388020,88476,50379,45289,41553,39582,103438,51,0,0,265757,0,118,388020,88476,50379,45289,41553,39582,103438,51,0,0,265757,0,-1894,388020,88476,50379,45289,41553,39582,103438,51,0,0,265757,0,453,388020,88476,50379,45289,41553,39582,103438,51,0,0,265757,0,663,388020,88476,50379,45289,41553,39582,103438,51,0,0,265757,0,154,388020,88476,50379,45289,41553,39582,103438,51,0,0,265757,0,2047,388020,88476,50379,45289,41553,39582,103438,51,0,0,265757,0,2047,388020,88476,50379,45289,41553,39582,103438,51,0,0,265757,0,393,388020,88476,50379,45289,41553,39582,103438,51,0
3,0,265757,0,83,388020,88476,50379,45289,41553,39582,103438,51,0,0,265757,0,118,388020,88476,50379,45289,41553,39582,103438,51,0,0,265757,0,-1894,388020,88476,50379,45289,41553,39582,103438,51,0,0,265757,0,453,388020,88476,50379,45289,41553,39582,103438,51,0,0,265757,0,663,388020,88476,50379,45289,41553,39582,103438,51,0,0,265757,0,154,388020,88476,50379,45289,41553,39582,103438,51,0,0,265757,0,2047,388020,88476,50379,45289,41553,39582,103438,51,0,0,265757,0,2047,388020,88476,50379,45289,41553,39582,103438,51,0,0,265757,0,393,388020,88476,50379,45289,41553,39582,103438,51,0,0,721080,0,132,194367,28006,64395,111149,158514,107028,68774,51,0
3,0,265757,0,118,388020,88476,50379,45289,41553,39582,103438,51,0,0,265757,0,-1894,388020,88476,50379,45289,41553,39582,103438,51,0,0,265757,0,453,388020,88476,50379,45289,41553,39582,103438,51,0,0,265757,0,663,388020,88476,50379,45289,41553,39582,103438,51,0,0,265757,0,154,388020,88476,50379,45289,41553,39582,103438,51,0,0,265757,0,2047,388020,88476,50379,45289,41553,39582,103438,51,0,0,265757,0,2047,388020,88476,50379,45289,41553,39582,103438,51,0,0,265757,0,393,388020,88476,50379,45289,41553,39582,103438,51,0,0,721080,0,132,194367,28006,64395,111149,158514,107028,68774,51,0,0,721080,0,554,194367,28006,64395,111149,158514,107028,68774,51,0
3,0,265757,0,-1894,388020,88476,50379,45289,41553,39582,103438,51,0,0,265757,0,453,388020,88476,50379,45289,41553,39582,103438,51,0,0,265757,0,663,388020,88476,50379,45289,41553,39582,103438,51,0,0,265757,0,154,388020,88476,50379,45289,41553,39582,103438,51,0,0,265757,0,2047,388020,88476,50379,45289,41553,39582,103438,51,0,0,265757,0,2047,388020,88476,50379,45289,41553,39582,103438,51,0,0,265757,0,393,388020,88476,50379,45289,41553,39582,103438,51,0,0,721080,0,132,194367,28006,64395,111149,158514,107028,68774,51,0,0,721080,0,554,194367,28006,64395,111149,158514,107028,68774,51,0,0,721080,0,260,194367,28006,64395,111149,158514,107028,68774,51,0
3,0,265757,0,453,388020,88476,50379,45289,41553,39582,103438,51,0,0,265757,0,663,388020,88476,50379,45289,41553,39582,103438,51,0,0,265757,0,154,388020,88476,50379,45289,41553,39582,103438,51,0,0,265757,0,2047,388020,88476,50379,45289,41553,39582,103438,51,0,0,265757,0,2047,388020,88476,50379,45289,41553,39582,103438,51,0,0,265757,0,393,388020,88476,50379,45289,41553,39582,103438,51,0,0,721080,0,132,194367,28006,64395,111149,158514,107028,68774,51,0,0,721080,0,554,194367,28006,64395,111149,158514,107028,68774,51,0,0,721080,0,260,194367,28006,64395,111149,158514,107028,68774,51,0,0,721080,0,16,194367,28006,64395,111149,158514,107028,68774,51,0
3,0,265757,0,663,388020,88476,50379,45289,41553,39582,103438,51,0,0,265757,0,154,388020,88476,50379,45289,41553,39582,103438,51,0,0,265757,0,2047,388020,88476,50379,45289,41553,39582,103438,51,0,0,265757,0,2047,388020,88476,50379,45289,41553,39582,103438,51,0,0,265757,0,393,388020,88476,50379,45289,41553,39582,103438,51,0,0,721080,0,132,194367,28006,64395,111149,158514,107028,68774,51,0,0,721080,0,554,194367,28006,64395,111149,158514,107028,68774,51,0,0,721080,0,260,194367,28006,64395,111149,158514,107028,68774,51,0,0,721080,0,16,194367,28006,64395,111149,158514,107028,68774,51,0,0,721080,0,-2048,194367,28006,64395,111149,158514,107028,68774,51,0
3,0,265757,0,154,388020,88476,50379,45289,41553,39582,103438,51,0,0,265757,0,2047,388020,88476,50379,45289,41553,39582,103438,51,0,0,265757,0,2047,388020,88476,50379,45289,41553,39582,103438,51,0,0,265757,0,393,388020,88476,50379,45289,41553,39582,103438,51,0,0,721080,0,132,194367,28006,64395,111149,158514,107028,68774,51,0,0,721080,0,554,194367,28006,64395,111149,158514,107028,68774,51,0,0,721080,0,260,194367,28006,64395,111149,158514,107028,68774,51,0,0,721080,0,16,194367,28006,64395,111149,158514,107028,68774,51,0,0,721080,0,-2048,194367,28006,64395,111149,158514,107028,68774,51,0,0,721080,0,-611,194367,28006,64395,111149,158514,107028,68774,51,0
3,0,265757,0,2047,388020,88476,50379,45289,41553,39582,103438,51,0,0,265757,0,2047,388020,88476,50379,45289,41553,39582,103438,51,0,0,265757,0,393,388020,88476,50379,45289,41553,39582,103438,51,0,0,721080,0,132,194367,28006,64395,111149,158514,107028,68774,51,0,0,721080,0,554,194367,28006,64395,111149,158514,107028,68774,51,0,0,721080,0,260,194367,28006,64395,111149,158514,107028,68774,51,0,0,721080,0,16,194367,28006,64395,111149,158514,107028,68774,51,0,0,721080,0,-2048,194367,28006,64395,111149,158514,107028,68774,51,0,0,721080,0,-611,194367,28006,64395,111149,158514,107028,68774,51,0,0,721080,0,1174,194367,28006,64395,111149,158514,107028,68774,51,0
3,0,265757,0,2047,388020,88476,50379,45289,41553,39582,103438,51,0,0,265757,0,393,388020,88476,50379,45289,41553,39582,103438,51,0,0,721080,0,132,194367,28006,64395,111149,158514,107028,68774,51,0,0,721080,0,554,194367,28006,64395,111149,158514,107028,68774,51,0,0,721080,0,260,194367,28006,64395,111149,158514,107028,68774,51,0,0,721080,0,16,194367,28006,64395,111149,158514,107028,68774,51,0,0,721080,0,-2048,194367,28006,64395,111149,158514,107028,68774,51,0,0,721080,0,-611,194367,28006,64395,111149,158514,107028,68774,51,0,0,721080,0,1174,194367,28006,64395,111149,158514,107028,68774,51,0,0,721080,0,220,194367,28006,64395,111149,158514,107028,68774,51,0
3,0,265757,0,393,388020,88476,50379,45289,41553,39582,103438,51,0,0,721080,0,132,194367,28006,64395,111149,158514,107028,68774,51,0,0,721080,0,554,194367,28006,64395,111149,158514,107028,68774,51,0,0,721080,0,260,194367,28006,64395,111149,158514,107028,68774,51,0,0,721080,0,16,194367,28006,64395,111149,158514,107028,68774,51,0,0,721080,0,-2048,194367,28006,64395,111149,158514,107028,68774,51,0,0,721080,0,-611,194367,28006,64395,111149,158514,107028,68774,51,0,0,721080,0,1174,194367,28006,64395,111149,158514,107028,68774,51,0,0,721080,0,220,194367,28006,64395,111149,158514,107028,68774,51,0,0,721080,0,2047,194367,28006,64395,111149,158514,107028,68774,51,0
3,0,721080,0,132,194367,28006,64395,111149,158514,107028,68774,51,0,0,721080,0,554,194367,28006,64395,111149,158514,107028,68774,51,0,0,721080,0,260,194367,28006,64395,111149,158514,107028,68774,51,0,0,721080,0,16,194367,28006,64395,111149,158514,107028,68774,51,0,0,721080,0,-2048,194367,28006,64395,111149,158514,107028,68774,51,0,0,721080,0,-611,194367,28006,64395,111149,158514,107028,68774,51,0,0,721080,0,1174,194367,28006,64395,111149,158514,107028,68774,51,0,0,721080,0,220,194367,28006,64395,111149,158514,107028,68774,51,0,0,721080,0,2047,194367,28006,64395,111149,158514,107028,68774,51,0,0,721080,0,-2048,194367,28006,64395,111149,158514,107028,68774,51,0
3,0,721080,0,554,194367,28006,64395,111149,158514,107028,68774,51,0,0,721080,0,260,194367,28006,64395,111149,158514,107028,68774,51,0,0,721080,0,16,194367,28006,64395,111149,158514,107028,68774,51,0,0,721080,0,-2048,194367,28006,64395,111149,158514,107028,68774,51,0,0,721080,0,-611,194367,28006,64395,111149,158514,107028,68774,51,0,0,721080,0,1174,194367,28006,64395,111149,158514,107028,68774,51,0,0,721080,0,220,194367,28006,64395,111149,158514,107028,68774,51,0,0,721080,0,2047,194367,28006,64395,111149,158514,107028,68774,51,0,0,721080,0,-2048,194367,28006,64395,111149,158514,107028,68774,51,0,0,1473699,0,820,309357,28677,14695,76380,158332,107974,166921,51,0
3,0,721080,0,260,194367,28006,64395,111149,158514,107028,68774,51,0,0,721080,0,16,194367,28006,64395,111149,158514,107028,68774,51,0,0,721080,0,-2048,194367,28006,64395,111149,158514,107028,68774,51,0,0,721080,0,-611,194367,28006,64395,111149,158514,107028,68774,51,0,0,721080,0,1174,194367,28006,64395,111149,158514,107028,68774,51,0,0,721080,0,220,194367,28006,64395,111149,158514,107028,68774,51,0,0,721080,0,2047,194367,28006,64395,111149,158514,107028,68774,51,0,0,721080,0,-2048,194367,28006,64395,111149,158514,107028,68774,51,0,0,1473699,0,820,309357,28677,14695,76380,158332,107974,166921,51,0,0,1473699,0,192,309357,28677,14695,76380,158332,107974,166921,51,0
3,0,721080,0,16,194367,28006,64395,111149,158514,107028,68774,51,0,0,721080,0,-2048,194367,28006,64395,111149,158514,107028,68774,51,0,0,721080,0,-611,194367,28006,64395,111149,158514,107028,68774,51,0,0,721080,0,1174,194367,28006,64395,111149,158514,107028,68774,51,0,0,721080,0,220,194367,28006,64395,111149,158514,107028,68774,51,0,0,721080,0,2047,194367,28006,64395,111149,158514,107028,68774,51,0,0,721080,0,-2048,194367,28006,64395,111149,158514,107028,68774,51,0,0,1473699,0,820,309357,28677,14695,76380,158332,107974,166921,51,0,0,1473699,0,192,309357,28677,14695,76380,158332,107974,166921,51,0,0,1473699,0,658,309357,28677,14695,76380,158332,107974,166921,51,0
3,0,721080,0,-2048,194367,28006,64395,111149,158514,107028,68774,51,0,0,721080,0,-611,194367,28006,64395,111149,158514,107028,68774,51,0,0,721080,0,1174,194367,28006,64395,111149,158514,107028,68774,51,0,0,721080,0,220,194367,28006,64395,111149,158514,107028,68774,51,0,0,721080,0,2047,194367,28006,64395,111149,158514,107028,68774,51,0,0,721080,0,-2048,194367,28006,64395,111149,158514,107028,68774,51,0,0,1473699,0,820,309357,28677,14695,76380,158332,107974,166921,51,0,0,1473699,0,192,309357,28677,14695,76380,158332,107974,166921,51,0,0,1473699,0,658,309357,28677,14695,76380,158332,107974,166921,51,0,0,1473699,0,136,309357,28677,14695,76380,158332,107974,166921,51,0
3,0,721080,0,-611,194367,28006,64395,111149,158514,107028,68774,51,0,0,721080,0,1174,194367,28006,64395,111149,158514,107028,68774,51,0,0,721080,0,220,194367,28006,64395,111149,158514,107028,68774,51,0,0,721080,0,2047,194367,28006,64395,111149,158514,107028,68774,51,0,0,721080,0,-2048,194367,28006,64395,111149,158514,107028,68774,51,0,0,1473699,0,820,309357,28677,14695,76380,158332,107974,166921,51,0,0,1473699,0,192,309357,28677,14695,76380,158332,107974,166921,51,0,0,1473699,0,658,309357,28677,14695,76380,158332,107974,166921,51,0,0,1473699,0,136,309357,28677,14695,76380,158332,107974,166921,51,0,0,1473699,0,-2048,309357,28677,14695,76380,158332,107974,166921,51,0
3,0,721080,0,1174,194367,28006,64395,111149,158514,107028,68774,51,0,0,721080,0,220,194367,28006,64395,111149,158514,107028,68774,51,0,0,721080,0,2047,194367,28006,64395,111149,158514,107028,68774,51,0,0,721080,0,-2048,194367,28006,64395,111149,158514,107028,68774,51,0,0,1473699,0,820,309357,28677,14695,76380,158332,107974,166921,51,0,0,1473699,0,192,309357,28677,14695,76380,158332,107974,166921,51,0,0,1473699,0,658,309357,28677,14695,76380,158332,107974,166921,51,0,0,1473699,0,136,309357,28677,14695,76380,158332,107974,166921,51,0,0,1473699,0,-2048,309357,28677,14695,76380,158332,107974,166921,51,0,0,1473699,0,904,309357,28677,14695,76380,158332,107974,166921,51,0
3,0,721080,0,220,194367,28006,64395,111149,158514,107028,68774,51,0,0,721080,0,2047,194367,28006,64395,111149,158514,107028,68774,51,0,0,721080,0,-2048,194367,28006,64395,111149,158514,107028,68774,51,0,0,1473699,0,820,309357,28677,14695,76380,158332,107974,166921,51,0,0,1473699,0,192,309357,28677,14695,76380,158332,107974,166921,51,0,0,1473699,0,658,309357,28677,14695,76380,158332,107974,166921,51,0,0,1473699,0,136,309357,28677,14695,76380,158332,107974,166921,51,0,0,1473699,0,-2048,309357,28677,14695,76380,158332,107974,166921,51,0,0,1473699,0,904,309357,28677,14695,76380,158332,107974,166921,51,0,0,1473699,0,-2048,309357,28677,14695,76380,158332,107974,166921,51,0
3,0,721080,0,2047,194367,28006,64395,111149,158514,107028,68774,51,0,0,721080,0,-2048,194367,28006,64395,111149,158514,107028,68774,51,0,0,1473699,0,820,309357,28677,14695,76380,158332,107974,166921,51,0,0,1473699,0,192,309357,28677,14695,76380,158332,107974,166921,51,0,0,1473699,0,658,309357,28677,14695,76380,158332,107974,166921,51,0,0,1473699,0,136,309357,28677,14695,76380,158332,107974,166921,51,0,0,1473699,0,-2048,309357,28677,14695,76380,158332,107974,166921,51,0,0,1473699,0,904,309357,28677,14695,76380,158332,107974,166921,51,0,0,1473699,0,-2048,309357,28677,14695,76380,158332,107974,166921,51,0,0,1473699,0,1047,309357,28677,14695,76380,158332,107974,166921,51,0
3,0,721080,0,-2048,194367,28006,64395,111149,158514,107028,68774,51,0,0,1473699,0,820,309357,28677,14695,76380,158332,107974,166921,51,0,0,1473699,0,192,309357,28677,14695,76380,158332,107974,166921,51,0,0,1473699,0,658,309357,28677,14695,76380,158332,107974,166921,51,0,0,1473699,0,136,309357,28677,14695,76380,158332,107974,166921,51,0,0,1473699,0,-2048,309357,28677,14695,76380,158332,107974,166921,51,0,0,1473699,0,904,309357,28677,14695,76380,158332,107974,166921,51,0,0,1473699,0,-2048,309357,28677,14695,76380,158332,107974,166921,51,0,0,1473699,0,1047,309357,28677,14695,76380,158332,107974,166921,51,0,0,1473699,0,151,309357,28677,14695,76380,158332,107974,166921,51,0
3,0,1473699,0,820,309357,28677,14695,76380,158332,107974,166921,51,0,0,1473699,0,192,309357,28677,14695,76380,158332,107974,166921,51,0,0,1473699,0,658,309357,28677,14695,76380,158332,107974,166921,51,0,0,1473699,0,136,309357,28677,14695,76380,158332,107974,166921,51,0,0,1473699,0,-2048,309357,28677,14695,76380,158332,107974,166921,51,0,0,1473699,0,904,309357,28677,14695,76380,158332,107974,166921,51,0,0,1473699,0,-2048,309357,28677,14695,76380,158332,107974,166921,51,0,0,1473699,0,1047,309357,28677,14695,76380,158332,107974,166921,51,0,0,1473699,0,151,309357,28677,14695,76380,158332,107974,166921,51,0,0,1473699,0,-2048,309357,28677,14695,76380,158332,107974,166921,51,0
3,0,1473699,0,192,309357,28677,14695,76380,158332,107974,166921,51,0,0,1473699,0,658,309357,28677,14695,76380,158332,107974,166921,51,0,0,1473699,0,136,309357,28677,14695,76380,158332,107974,166921,51,0,0,1473699,0,-2048,309357,28677,14695,76380,158332,107974,166921,51,0,0,1473699,0,904,309357,28677,14695,76380,158332,107974,166921,51,0,0,1473699,0,-2048,309357,28677,14695,76380,158332,107974,166921,51,0,0,1473699,0,1047,309357,28677,14695,76380,158332,107974,166921,51,0,0,1473699,0,151,309357,28677,14695,76380,158332,107974,166921,51,0,0,1473699,0,-2048,309357,28677,14695,76380,158332,107974,166921,51,0,0,1336627,0,-2048,210410,37703,71410,87220,116312,26638,60296,51,0
3,0,1473699,0,658,309357,28677,14695,76380,158332,107974,166921,51,0,0,1473699,0,136,309357,28677,14695,76380,158332,107974,166921,51,0,0,1473699,0,-2048,309357,28677,14695,76380,158332,107974,166921,51,0,0,1473699,0,904,309357,28677,14695,76380,158332,107974,166921,51,0,0,1473699,0,-2048,309357,28677,14695,76380,158332,107974,166921,51,0,0,1473699,0,1047,309357,28677,14695,76380,158332,107974,166921,51,0,0,1473699,0,151,309357,28677,14695,76380,158332,107974,166921,51,0,0,1473699,0,-2048,309357,28677,14695,76380,158332,107974,166921,51,0,0,1336627,0,-2048,210410,37703,71410,87220,116312,26638,60296,51,0,0,1336627,0,1210,210410,37703,71410,87220,116312,26638,60296,51,0
3,0,1473699,0,136,309357,28677,14695,76380,158332,107974,166921,51,0,0,1473699,0,-2048,309357,28677,14695,76380,158332,107974,166921,51,0,0,1473699,0,904,309357,28677,14695,76380,158332,107974,166921,51,0,0,1473699,0,-2048,309357,28677,14695,76380,158332,107974,166921,51,0,0,1473699,0,1047,309357,28677,14695,76380,158332,107974,166921,51,0,0,1473699,0,151,309357,28677,14695,76380,158332,107974,166921,51,0,0,1473699,0,-2048,309357,28677,14695,76380,158332,107974,166921,51,0,0,1336627,0,-2048,210410,37703,71410,87220,116312,26638,60296,51,0,0,1336627,0,1210,210410,37703,71410,87220,116312,26638,60296,51,0,0,1336627,0,179,210410,37703,71410,87220,116312,26638,60296,51,0
3,0,1473699,0,-2048,309357,28677,14695,76380,158332,107974,166921,51,0,0,1473699,0,904,309357,28677,14695,76380,158332,107974,166921,51,0,0,1473699,0,-2048,309357,28677,14695,76380,158332,107974,166921,51,0,0,1473699,0,1047,309357,28677,14695,76380,158332,107974,166921,51,0,0,1473699,0,151,309357,28677,14695,76380,158332,107974,166921,51,0,0,1473699,0,-2048,309357,28677,14695,76380,158332,107974,166921,51,0,0,1336627,0,-2048,210410,37703,71410,87220,116312,26638,60296,51,0,0,1336627,0,1210,210410,37703,71410,87220,116312,26638,60296,51,0,0,1336627,0,179,210410,37703,71410,87220,116312,26638,60296,51,0,0,1336627,0,66,210410,37703,71410,87220,116312,26638,60296,51,0
3,0,1473699,0,904,309357,28677,14695,76380,158332,107974,166921,51,0,0,1473699,0,-2048,309357,28677,14695,76380,158332,107974,166921,51,0,0,1473699,0,1047,309357,28677,14695,76380,158332,107974,166921,51,0,0,1473699,0,151,309357,28677,14695,76380,158332,107974,166921,51,0,0,1473699,0,-2048,309357,28677,14695,76380,158332,107974,166921,51,0,0,1336627,0,-2048,210410,37703,71410,87220,116312,26638,60296,51,0,0,1336627,0,1210,210410,37703,71410,87220,116312,26638,60296,51,0,0,1336627,0,179,210410,37703,71410,87220,116312,26638,60296,51,0,0,1336627,0,66,210410,37703,71410,87220,116312,26638,60296,51,0,0,1336627,0,49,210410,37703,71410,87220,116312,26638,60296,51,0
3,0,1473699,0,-2048,309357,28677,14695,76380,158332,107974,166921,51,0,0,1473699,0,1047,309357,28677,14695,76380,158332,107974,166921,51,0,0,1473699,0,151,309357,28677,14695,76380,158332,107974,166921,51,0,0,1473699,0,-2048,309357,28677,14695,76380,158332,107974,166921,51,0,0,1336627,0,-2048,210410,37703,71410,87220,116312,26638,60296,51,0,0,1336627,0,1210,210410,37703,71410,87220,116312,26638,60296,51,0,0,1336627,0,179,210410,37703,71410,87220,116312,26638,60296,51,0,0,1336627,0,66,210410,37703,71410,87220,116312,26638,60296,51,0,0,1336627,0,49,210410,37703,71410,87220,116312,26638,60296,51,0,0,1336627,0,49,210410,37703,71410,87220,116312,26638,60296,51,0
3,0,1473699,0,1047,309357,28677,14695,76380,158332,107974,166921,51,0,0,1473699,0,151,309357,28677,14695,76380,158332,107974,166921,51,0,0,1473699,0,-2048,309357,28677,14695,76380,158332,107974,166921,51,0,0,1336627,0,-2048,210410,37703,71410,87220,116312,26638,60296,51,0,0,1336627,0,1210,210410,37703,71410,87220,116312,26638,60296,51,0,0,1336627,0,179,210410,37703,71410,87220,116312,26638,60296,51,0,0,1336627,0,66,210410,37703,71410,87220,116312,26638,60296,51,0,0,1336627,0,49,210410,37703,71410,87220,116312,26638,60296,51,0,0,1336627,0,49,210410,37703,71410,87220,116312,26638,60296,51,0,0,1336627,0,-834,210410,37703,71410,87220,116312,26638,60296,51,0
3,0,1473699,0,151,309357,28677,14695,76380,158332,107974,166921,51,0,0,1473699,0,-2048,309357,28677,14695,76380,158332,107974,166921,51,0,0,1336627,0,-2048,210410,37703,71410,87220,116312,26638,60296,51,0,0,1336627,0,1210,210410,37703,71410,87220,116312,26638,60296,51,0,0,1336627,0,179,210410,37703,71410,87220,116312,26638,60296,51,0,0,1336627,0,66,210410,37703,71410,87220,116312,26638,60296,51,0,0,1336627,0,49,210410,37703,71410,87220,116312,26638,60296,51,0,0,1336627,0,49,210410,37703,71410,87220,116312,26638,60296,51,0,0,1336627,0,-834,210410,37703,71410,87220,116312,26638,60296,51,0,0,1336627,0,1354,210410,37703,71410,87220,116312,26638,60296,51,0
3,0,1473699,0,-2048,309357,28677,14695,76380,158332,107974,166921,51,0,0,1336627,0,-2048,210410,37703,71410,87220,116312,26638,60296,51,0,0,1336627,0,1210,210410,37703,71410,87220,116312,26638,60296,51,0,0,1336627,0,179,210410,37703,71410,87220,116312,26638,60296,51,0,0,1336627,0,66,210410,37703,71410,87220,116312,26638,60296,51,0,0,1336627,0,49,210410,37703,71410,87220,116312,26638,60296,51,0,0,1336627,0,49,210410,37703,71410,87220,116312,26638,60296,51,0,0,1336627,0,-834,210410,37703,71410,87220,116312,26638,60296,51,0,0,1336627,0,1354,210410,37703,71410,87220,116312,26638,60296,51,0,0,1336627,0,247,210410,37703,71410,87220,116312,26638,60296,51,0
3,0,1336627,0,-2048,210410,37703,71410,87220,116312,26638,60296,51,0,0,1336627,0,1210,210410,37703,71410,87220,116312,26638,60296,51,0,0,1336627,0,179,210410,37703,71410,87220,116312,26638,60296,51,0,0,1336627,0,66,210410,37703,71410,87220,116312,26638,60296,51,0,0,1336627,0,49,210410,37703,71410,87220,116312,26638,60296,51,0,0,1336627,0,49,210410,37703,71410,87220,116312,26638,60296,51,0,0,1336627,0,-834,210410,37703,71410,87220,116312,26638,60296,51,0,0,1336627,0,1354,210410,37703,71410,87220,116312,26638,60296,51,0,0,1336627,0,247,210410,37703,71410,87220,116312,26638,60296,51,0,0,1336627,0,176,210410,37703,71410,87220,116312,26638,60296,51,0
3,0,1336627,0,1210,210410,37703,71410,87220,116312,26638,60296,51,0,0,1336627,0,179,210410,37703,71410,87220,116312,26638,60296,51,0,0,1336627,0,66,210410,37703,71410,87220,116312,26638,60296,51,0,0,1336627,0,49,210410,37703,71410,87220,116312,26638,60296,51,0,0,1336627,0,49,210410,37703,71410,87220,116312,26638,60296,51,0,0,1336627,0,-834,210410,37703,71410,87220,116312,26638,60296,51,0,0,1336627,0,1354,210410,37703,71410,87220,116312,26638,60296,51,0,0,1336627,0,247,210410,37703,71410,87220,116312,26638,60296,51,0,0,1336627,0,176,210410,37703,71410,87220,116312,26638,60296,51,0,0,1262527,0,838,298965,41659,56589,76336,91271,127103,173703,51,0
3,0,1336627,0,179,210410,37703,71410,87220,116312,26638,60296,51,0,0,1336627,0,66,210410,37703,71410,87220,116312,26638,60296,51,0,0,1336627,0,49,210410,37703,71410,87220,116312,26638,60296,51,0,0,1336627,0,49,210410,37703,71410,87220,116312,26638,60296,51,0,0,1336627,0,-834,210410,37703,71410,87220,116312,26638,60296,51,0,0,1336627,0,1354,210410,37703,71410,87220,116312,26638,60296,51,0,0,1336627,0,247,210410,37703,71410,87220,116312,26638,60296,51,0,0,1336627,0,176,210410,37703,71410,87220,116312,26638,60296,51,0,0,1262527,0,838,298965,41659,56589,76336,91271,127103,173703,51,0,0,1262527,0,1797,298965,41659,56589,76336,91271,127103,173703,51,0
3,0,1336627,0,66,210410,37703,71410,87220,116312,26638,60296,51,0,0,1336627,0,49,210410,37703,71410,87220,116312,26638,60296,51,0,0,1336627,0,49,210410,37703,71410,87220,116312,26638,60296,51,0,0,1336627,0,-834,210410,37703,71410,87220,116312,26638,60296,51,0,0,1336627,0,1354,210410,37703,71410,87220,116312,26638,60296,51,0,0,1336627,0,247,210410,37703,71410,87220,116312,26638,60296,51,0,0,1336627,0,176,210410,37703,71410,87220,116312,26638,60296,51,0,0,1262527,0,838,298965,41659,56589,76336,91271,127103,173703,51,0,0,1262527,0,1797,298965,41659,56589,76336,91271,127103,173703,51,0,0,1262527,0,316,298965,41659,56589,76336,91271,127103,173703,51,0
3,0,1336627,0,49,210410,37703,71410,87220,116312,26638,60296,51,0,0,1336627,0,49,210410,37703,71410,87220,116312,26638,60296,51,0,0,1336627,0,-834,210410,37703,71410,87220,116312,26638,60296,51,0,0,1336627,0,1354,210410,37703,71410,87220,116312,26638,60296,51,0,0,1336627,0,247,210410,37703,71410,87220,116312,26638,60296,51,0,0,1336627,0,176,210410,37703,71410,87220,116312,26638,60296,51,0,0,1262527,0,838,298965,41659,56589,76336,91271,127103,173703,51,0,0,1262527,0,1797,298965,41659,56589,76336,91271,127103,173703,51,0,0,1262527,0,316,298965,41659,56589,76336,91271,127103,173703,51,0,0,1262527,0,86,298965,41659,56589,76336,91271,127103,173703,51,0
3,0,1336627,0,49,210410,37703,71410,87220,116312,26638,60296,51,0,0,1336627,0,-834,210410,37703,71410,87220,116312,26638,60296,51,0,0,1336627,0,1354,210410,37703,71410,87220,116312,26638,60296,51,0,0,1336627,0,247,210410,37703,71410,87220,116312,26638,60296,51,0,0,1336627,0,176,210410,37703,71410,87220,116312,26638,60296,51,0,0,1262527,0,838,298965,41659,56589,76336,91271,127103,173703,51,0,0,1262527,0,1797,298965,41659,56589,76336,91271,127103,173703,51,0,0,1262527,0,316,298965,41659,56589,76336,91271,127103,173703,51,0,0,1262527,0,86,298965,41659,56589,76336,91271,127103,173703,51,0,0,1262527,0,52,298965,41659,56589,76336,91271,127103,173703,51,0
3,0,1336627,0,-834,210410,37703,71410,87220,116312,26638,60296,51,0,0,1336627,0,1354,210410,37703,71410,87220,116312,26638,60296,51,0,0,1336627,0,247,210410,37703,71410,87220,116312,26638,60296,51,0,0,1336627,0,176,210410,37703,71410,87220,116312,26638,60296,51,0,0,1262527,0,838,298965,41659,56589,76336,91271,127103,173703,51,0,0,1262527,0,1797,298965,41659,56589,76336,91271,127103,173703,51,0,0,1262527,0,316,298965,41659,56589,76336,91271,127103,173703,51,0,0,1262527,0,86,298965,41659,56589,76336,91271,127103,173703,51,0,0,1262527,0,52,298965,41659,56589,76336,91271,127103,173703,51,0,0,1262527,0,44,298965,41659,56589,76336,91271,127103,173703,51,0
3,0,1336627,0,1354,210410,37703,71410,87220,116312,26638,60296,51,0,0,1336627,0,247,210410,37703,71410,87220,116312,26638,60296,51,0,0,1336627,0,176,210410,37703,71410,87220,116312,26638,60296,51,0,0,1262527,0,838,298965,41659,56589,76336,91271,127103,173703,51,0,0,1262527,0,1797,298965,41659,56589,76336,91271,127103,173703,51,0,0,1262527,0,316,298965,41659,56589,76336,91271,127103,173703,51,0,0,1262527,0,86,298965,41659,56589,76336,91271,127103,173703,51,0,0,1262527,0,52,298965,41659,56589,76336,91271,127103,173703,51,0,0,1262527,0,44,298965,41659,56589,76336,91271,127103,173703,51,0,0,1262527,0,-2048,298965,41659,56589,76336,91271,127103,173703,51,0
3,0,1336627,0,247,210410,37703,71410,87220,116312,26638,60296,51,0,0,1336627,0,176,210410,37703,71410,87220,116312,26638,60296,51,0,0,1262527,0,838,298965,41659,56589,76336,91271,127103,173703,51,0,0,1262527,0,1797,298965,41659,56589,76336,91271,127103,173703,51,0,0,1262527,0,316,298965,41659,56589,76336,91271,127103,173703,51,0,0,1262527,0,86,298965,41659,56589,76336,91271,127103,173703,51,0,0,1262527,0,52,298965,41659,56589,76336,91271,127103,173703,51,0,0,1262527,0,44,298965,41659,56589,76336,91271,127103,173703,51,0,0,1262527,0,-2048,298965,41659,56589,76336,91271,127103,173703,51,0,0,1262527,0,-460,298965,41659,56589,76336,91271,127103,173703,51,0
3,0,1336627,0,176,210410,37703,71410,87220,116312,26638,60296,51,0,0,1262527,0,838,298965,41659,56589,76336,91271,127103,173703,51,0,0,1262527,0,1797,298965,41659,56589,76336,91271,127103,173703,51,0,0,1262527,0,316,298965,41659,56589,76336,91271,127103,173703,51,0,0,1262527,0,86,298965,41659,56589,76336,91271,127103,173703,51,0,0,1262527,0,52,298965,41659,56589,76336,91271,127103,173703,51,0,0,1262527,0,44,298965,41659,56589,76336,91271,127103,173703,51,0,0,1262527,0,-2048,298965,41659,56589,76336,91271,127103,173703,51,0,0,1262527,0,-460,298965,41659,56589,76336,91271,127103,173703,51,0,0,1262527,0,2047,298965,41659,56589,76336,91271,127103,173703,51,0
3,0,1262527,0,838,298965,41659,56589,76336,91271,127103,173703,51,0,0,1262527,0,1797,298965,41659,56589,76336,91271,127103,173703,51,0,0,1262527,0,316,298965,41659,56589,76336,91271,127103,173703,51,0,0,1262527,0,86,298965,41659,56589,76336,91271,127103,173703,51,0,0,1262527,0,52,298965,41659,56589,76336,91271,127103,173703,51,0,0,1262527,0,44,298965,41659,56589,76336,91271,127103,173703,51,0,0,1262527,0,-2048,298965,41659,56589,76336,91271,127103,173703,51,0,0,1262527,0,-460,298965,41659,56589,76336,91271,127103,173703,51,0,0,1262527,0,2047,298965,41659,56589,76336,91271,127103,173703,51,0,0,1262527,0,441,298965,41659,56589,76336,91271,127103,173703,51,0
3,0,1262527,0,1797,298965,41659,56589,76336,91271,127103,173703,51,0,0,1262527,0,316,298965,41659,56589,76336,91271,127103,173703,51,0,0,1262527,0,86,298965,41659,56589,76336,91271,127103,173703,51,0,0,1262527,0,52,298965,41659,56589,76336,91271,127103,173703,51,0,0,1262527,0,44,298965,41659,56589,76336,91271,127103,173703,51,0,0,1262527,0,-2048,298965,41659,56589,76336,91271,127103,173703,51,0,0,1262527,0,-460,298965,41659,56589,76336,91271,127103,173703,51,0,0,1262527,0,2047,298965,41659,56589,76336,91271,127103,173703,51,0,0,1262527,0,441,298965,41659,56589,76336,91271,127103,173703,51,0,0,243822,0,117,55321,50508,52386,66983,62145,53602,69424,51,0
3,0,1262527,0,316,298965,41659,56589,76336,91271,127103,173703,51,0,0,1262527,0,86,298965,41659,56589,76336,91271,127103,173703,51,0,0,1262527,0,52,298965,41659,56589,76336,91271,127103,173703,51,0,0,1262527,0,44,298965,41659,56589,76336,91271,127103,173703,51,0,0,1262527,0,-2048,298965,41659,56589,76336,91271,127103,173703,51,0,0,1262527,0,-460,298965,41659,56589,76336,91271,127103,173703,51,0,0,1262527,0,2047,298965,41659,56589,76336,91271,127103,173703,51,0,0,1262527,0,441,298965,41659,56589,76336,91271,127103,173703,51,0,0,243822,0,117,55321,50508,52386,66983,62145,53602,69424,51,0,0,243822,0,-2048,55321,50508,52386,66983,62145,53602,69424,51,0
3,0,1262527,0,86,298965,41659,56589,76336,91271,127103,173703,51,0,0,1262527,0,52,298965,41659,56589,76336,91271,127103,173703,51,0,0,1262527,0,44,298965,41659,56589,76336,91271,127103,173703,51,0,0,1262527,0,-2048,298965,41659,56589,76336,91271,127103,173703,51,0,0,1262527,0,-460,298965,41659,56589,76336,91271,127103,173703,51,0,0,1262527,0,2047,298965,41659,56589,76336,91271,127103,173703,51,0,0,1262527,0,441,298965,41659,56589,76336,91271,127103,173703,51,0,0,243822,0,117,55321,50508,52386,66983,62145,53602,69424,51,0,0,243822,0,-2048,55321,50508,52386,66983,62145,53602,69424,51,0,0,243822,0,853,55321,50508,52386,66983,62145,53602,69424,51,0
3,0,1262527,0,52,298965,41659,56589,76336,91271,127103,173703,51,0,0,1262527,0,44,298965,41659,56589,76336,91271,127103,173703,51,0,0,1262527,0,-2048,298965,41659,56589,76336,91271,127103,173703,51,0,0,1262527,0,-460,298965,41659,56589,76336,91271,127103,173703,51,0,0,1262527,0,2047,298965,41659,56589,76336,91271,127103,173703,51,0,0,1262527,0,441,298965,41659,56589,76336,91271,127103,173703,51,0,0,243822,0,117,55321,50508,52386,66983,62145,53602,69424,51,0,0,243822,0,-2048,55321,50508,52386,66983,62145,53602,69424,51,0,0,243822,0,853,55321,50508,52386,66983,62145,53602,69424,51,0,0,243822,0,169,55321,50508,52386,66983,62145,53602,69424,51,0
3,0,1262527,0,44,298965,41659,56589,76336,91271,127103,173703,51,0,0,1262527,0,-2048,298965,41659,56589,76336,91271,127103,173703,51,0,0,1262527,0,-460,298965,41659,56589,76336,91271,127103,173703,51,0,0,1262527,0,2047,298965,41659,56589,76336,91271,127103,173703,51,0,0,1262527,0,441,298965,41659,56589,76336,91271,127103,173703,51,0,0,243822,0,117,55321,50508,52386,66983,62145,53602,69424,51,0,0,243822,0,-2048,55321,50508,52386,66983,62145,53602,69424,51,0,0,243822,0,853,55321,50508,52386,66983,62145,53602,69424,51,0,0,243822,0,169,55321,50508,52386,66983,62145,53602,69424,51,0,0,243822,0,65,55321,50508,52386,66983,62145,53602,69424,51,0
3,0,1262527,0,-2048,298965,41659,56589,76336,91271,127103,173703,51,0,0,1262527,0,-460,298965,41659,56589,76336,91271,127103,173703,51,0,0,1262527,0,2047,298965,41659,56589,76336,91271,127103,173703,51,0,0,1262527,0,441,298965,41659,56589,76336,91271,127103,173703,51,0,0,243822,0,117,55321,50508,52386,66983,62145,53602,69424,51,0,0,243822,0,-2048,55321,50508,52386,66983,62145,53602,69424,51,0,0,243822,0,853,55321,50508,52386,66983,62145,53602,69424,51,0,0,243822,0,169,55321,50508,52386,66983,62145,53602,69424,51,0,0,243822,0,65,55321,50508,52386,66983,62145,53602,69424,51,0,0,243822,0,49,55321,50508,52386,66983,62145,53602,69424,51,0
3,0,1262527,0,-460,298965,41659,56589,76336,91271,127103,173703,51,0,0,1262527,0,2047,298965,41659,56589,76336,91271,127103,173703,51,0,0,1262527,0,441,298965,41659,56589,76336,91271,127103,173703,51,0,0,243822,0,117,55321,50508,52386,66983,62145,53602,69424,51,0,0,243822,0,-2048,55321,50508,52386,66983,62145,53602,69424,51,0,0,243822,0,853,55321,50508,52386,66983,62145,53602,69424,51,0,0,243822,0,169,55321,50508,52386,66983,62145,53602,69424,51,0,0,243822,0,65,55321,50508,52386,66983,62145,53602,69424,51,0,0,243822,0,49,55321,50508,52386,66983,62145,53602,69424,51,0,0,243822,0,44,55321,50508,52386,66983,62145,53602,69424,51,0
3,0,1262527,0,2047,298965,41659,56589,76336,91271,127103,173703,51,0,0,1262527,0,441,298965,41659,56589,76336,91271,127103,173703,51,0,0,243822,0,117,55321,50508,52386,66983,62145,53602,69424,51,0,0,243822,0,-2048,55321,50508,52386,66983,62145,53602,69424,51,0,0,243822,0,853,55321,50508,52386,66983,62145,53602,69424,51,0,0,243822,0,169,55321,50508,52386,66983,62145,53602,69424,51,0,0,243822,0,65,55321,50508,52386,66983,62145,53602,69424,51,0,0,243822,0,49,55321,50508,52386,66983,62145,53602,69424,51,0,0,243822,0,44,55321,50508,52386,66983,62145,53602,69424,51,0,0,243822,0,-8,55321,50508,52386,66983,62145,53602,69424,51,0
3,0,1262527,0,441,298965,41659,56589,76336,91271,127103,173703,51,0,0,243822,0,117,55321,50508,52386,66983,62145,53602,69424,51,0,0,243822,0,-2048,55321,50508,52386,66983,62145,53602,69424,51,0,0,243822,0,853,55321,50508,52386,66983,62145,53602,69424,51,0,0,243822,0,169,55321,50508,52386,66983,62145,53602,69424,51,0,0,243822,0,65,55321,50508,52386,66983,62145,53602,69424,51,0,0,243822,0,49,55321,50508,52386,66983,62145,53602,69424,51,0,0,243822,0,44,55321,50508,52386,66983,62145,53602,69424,51,0,0,243822,0,-8,55321,50508,52386,66983,62145,53602,69424,51,0,0,243822,0,-1668,55321,50508,52386,66983,62145,53602,69424,51,0
3,0,243822,0,117,55321,50508,52386,66983,62145,53602,69424,51,0,0,243822,0,-2048,55321,50508,52386,66983,62145,53602,69424,51,0,0,243822,0,853,55321,50508,52386,66983,62145,53602,69424,51,0,0,243822,0,169,55321,50508,52386,66983,62145,53602,69424,51,0,0,243822,0,65,55321,50508,52386,66983,62145,53602,69424,51,0,0,243822,0,49,55321,50508,52386,66983,62145,53602,69424,51,0,0,243822,0,44,55321,50508,52386,66983,62145,53602,69424,51,0,0,243822,0,-8,55321,50508,52386,66983,62145,53602,69424,51,0,0,243822,0,-1668,55321,50508,52386,66983,62145,53602,69424,51,0,0,243822,0,763,55321,50508,52386,66983,62145,53602,69424,51,0
3,0,243822,0,-2048,55321,50508,52386,66983,62145,53602,69424,51,0,0,243822,0,853,55321,50508,52386,66983,62145,53602,69424,51,0,0,243822,0,169,55321,50508,52386,66983,62145,53602,69424,51,0,0,243822,0,65,55321,50508,52386,66983,62145,53602,69424,51,0,0,243822,0,49,55321,50508,52386,66983,62145,53602,69424,51,0,0,243822,0,44,55321,50508,52386,66983,62145,53602,69424,51,0,0,243822,0,-8,55321,50508,52386,66983,62145,53602,69424,51,0,0,243822,0,-1668,55321,50508,52386,66983,62145,53602,69424,51,0,0,243822,0,763,55321,50508,52386,66983,62145,53602,69424,51,0,0,400975,0,137,116358,16461,11252,8215,34223,41798,18883,51,0
3,0,243822,0,853,55321,50508,52386,66983,62145,53602,69424,51,0,0,243822,0,169,55321,50508,52386,66983,62145,53602,69424,51,0,0,243822,0,65,55321,50508,52386,66983,62145,53602,69424,51,0,0,243822,0,49,55321,50508,52386,66983,62145,53602,69424,51,0,0,243822,0,44,55321,50508,52386,66983,62145,53602,69424,51,0,0,243822,0,-8,55321,50508,52386,66983,62145,53602,69424,51,0,0,243822,0,-1668,55321,50508,52386,66983,62145,53602,69424,51,0,0,243822,0,763,55321,50508,52386,66983,62145,53602,69424,51,0,0,400975,0,137,116358,16461,11252,8215,34223,41798,18883,51,0,0,400975,0,-141,116358,16461,11252,8215,34223,41798,18883,51,0
3,0,243822,0,169,55321,50508,52386,66983,62145,53602,69424,51,0,0,243822,0,65,55321,50508,52386,66983,62145,53602,69424,51,0,0,243822,0,49,55321,50508,52386,66983,62145,53602,69424,51,0,0,243822,0,44,55321,50508,52386,66983,62145,53602,69424,51,0,0,243822,0,-8,55321,50508,52386,66983,62145,53602,69424,51,0,0,243822,0,-1668,55321,50508,52386,66983,62145,53602,69424,51,0,0,243822,0,763,55321,50508,52386,66983,62145,53602,69424,51,0,0,400975,0,137,116358,16461,11252,8215,34223,41798,18883,51,0,0,400975,0,-141,116358,16461,11252,8215,34223,41798,18883,51,0,0,400975,0,274,116358,16461,11252,8215,34223,41798,18883,51,0
3,0,243822,0,65,55321,50508,52386,66983,62145,53602,69424,51,0,0,243822,0,49,55321,50508,52386,66983,62145,53602,69424,51,0,0,243822,0,44,55321,50508,52386,66983,62145,53602,69424,51,0,0,243822,0,-8,55321,50508,52386,66983,62145,53602,69424,51,0,0,243822,0,-1668,55321,50508,52386,66983,62145,53602,69424,51,0,0,243822,0,763,55321,50508,52386,66983,62145,53602,69424,51,0,0,400975,0,137,116358,16461,11252,8215,34223,41798,18883,51,0,0,400975,0,-141,116358,16461,11252,8215,34223,41798,18883,51,0,0,400975,0,274,116358,16461,11252,8215,34223,41798,18883,51,0,0,400975,0,1772,116358,16461,11252,8215,34223,41798,18883,51,0
3,0,243822,0,49,55321,50508,52386,66983,62145,53602,69424,51,0,0,243822,0,44,55321,50508,52386,66983,62145,53602,69424,51,0,0,243822,0,-8,55321,50508,52386,66983,62145,53602,69424,51,0,0,243822,0,-1668,55321,50508,52386,66983,62145,53602,69424,51,0,0,243822,0,763,55321,50508,52386,66983,62145,53602,69424,51,0,0,400975,0,137,116358,16461,11252,8215,34223,41798,18883,51,0,0,400975,0,-141,116358,16461,11252,8215,34223,41798,18883,51,0,0,400975,0,274,116358,16461,11252,8215,34223,41798,18883,51,0,0,400975,0,1772,116358,16461,11252,8215,34223,41798,18883,51,0,0,400975,0,313,116358,16461,11252,8215,34223,41798,18883,51,0
3,0,243822,0,44,55321,50508,52386,66983,62145,53602,69424,51,0,0,243822,0,-8,55321,50508,52386,66983,62145,53602,69424,51,0,0,243822,0,-1668,55321,50508,52386,66983,62145,53602,69424,51,0,0,243822,0,763,55321,50508,52386,66983,62145,53602,69424,51,0,0,400975,0,137,116358,16461,11252,8215,34223,41798,18883,51,0,0,400975,0,-141,116358,16461,11252,8215,34223,41798,18883,51,0,0,400975,0,274,116358,16461,11252,8215,34223,41798,18883,51,0,0,400975,0,1772,116358,16461,11252,8215,34223,41798,18883,51,0,0,400975,0,313,116358,16461,11252,8215,34223,41798,18883,51,0,0,400975,0,86,116358,16461,11252,8215,34223,41798,18883,51,0
3,0,243822,0,-8,55321,50508,52386,66983,62145,53602,69424,51,0,0,243822,0,-1668,55321,50508,52386,66983,62145,53602,69424,51,0,0,243822,0,763,55321,50508,52386,66983,62145,53602,69424,51,0,0,400975,0,137,116358,16461,11252,8215,34223,41798,18883,51,0,0,400975,0,-141,116358,16461,11252,8215,34223,41798,18883,51,0,0,400975,0,274,116358,16461,11252,8215,34223,41798,18883,51,0,0,400975,0,1772,116358,16461,11252,8215,34223,41798,18883,51,0,0,400975,0,313,116358,16461,11252,8215,34223,41798,18883,51,0,0,400975,0,86,116358,16461,11252,8215,34223,41798,18883,51,0,0,400975,0,50,116358,16461,11252,8215,34223,41798,18883,51,0
3,0,243822,0,-1668,55321,50508,52386,66983,62145,53602,69424,51,0,0,243822,0,763,55321,50508,52386,66983,62145,53602,69424,51,0,0,400975,0,137,116358,16461,11252,8215,34223,41798,18883,51,0,0,400975,0,-141,116358,16461,11252,8215,34223,41798,18883,51,0,0,400975,0,274,116358,16461,11252,8215,34223,41798,18883,51,0,0,400975,0,1772,116358,16461,11252,8215,34223,41798,18883,51,0,0,400975,0,313,116358,16461,11252,8215,34223,41798,18883,51,0,0,400975,0,86,116358,16461,11252,8215,34223,41798,18883,51,0,0,400975,0,50,116358,16461,11252,8215,34223,41798,18883,51,0,0,400975,0,45,116358,16461,11252,8215,34223,41798,18883,51,0
3,0,243822,0,763,55321,50508,52386,66983,62145,53602,69424,51,0,0,400975,0,137,116358,16461,11252,8215,34223,41798,18883,51,0,0,400975,0,-141,116358,16461,11252,8215,34223,41798,18883,51,0,0,400975,0,274,116358,16461,11252,8215,34223,41798,18883,51,0,0,400975,0,1772,116358,16461,11252,8215,34223,41798,18883,51,0,0,400975,0,313,116358,16461,11252,8215,34223,41798,18883,51,0,0,400975,0,86,116358,16461,11252,8215,34223,41798,18883,51,0,0,400975,0,50,116358,16461,11252,8215,34223,41798,18883,51,0,0,400975,0,45,116358,16461,11252,8215,34223,41798,18883,51,0,0,400975,0,51,116358,16461,11252,8215,34223,41798,18883,51,0
3,0,400975,0,137,116358,16461,11252,8215,34223,41798,18883,51,0,0,400975,0,-141,116358,16461,11252,8215,34223,41798,18883,51,0,0,400975,0,274,116358,16461,11252,8215,34223,41798,18883,51,0,0,400975,0,1772,116358,16461,11252,8215,34223,41798,18883,51,0,0,400975,0,313,116358,16461,11252,8215,34223,41798,18883,51,0,0,400975,0,86,116358,16461,11252,8215,34223,41798,18883,51,0,0,400975,0,50,116358,16461,11252,8215,34223,41798,18883,51,0,0,400975,0,45,116358,16461,11252,8215,34223,41798,18883,51,0,0,400975,0,51,116358,16461,11252,8215,34223,41798,18883,51,0,0,400975,0,-1322,116358,16461,11252,8215,34223,41798,18883,51,0
3,0,400975,0,-141,116358,16461,11252,8215,34223,41798,18883,51,0,0,400975,0,274,116358,16461,11252,8215,34223,41798,18883,51,0,0,400975,0,1772,116358,16461,11252,8215,34223,41798,18883,51,0,0,400975,0,313,116358,16461,11252,8215,34223,41798,18883,51,0,0,400975,0,86,116358,16461,11252,8215,34223,41798,18883,51,0,0,400975,0,50,116358,16461,11252,8215,34223,41798,18883,51,0,0,400975,0,45,116358,16461,11252,8215,34223,41798,18883,51,0,0,400975,0,51,116358,16461,11252,8215,34223,41798,18883,51,0,0,400975,0,-1322,116358,16461,11252,8215,34223,41798,18883,51,0,0,226071,0,2047,29134,32249,9444,7719,3993,4081,16128,51,0
3,0,400975,0,274,116358,16461,11252,8215,34223,41798,18883,51,0,0,400975,0,1772,116358,16461,11252,8215,34223,41798,18883,51,0,0,400975,0,313,116358,16461,11252,8215,34223,41798,18883,51,0,0,400975,0,86,116358,16461,11252,8215,34223,41798,18883,51,0,0,400975,0,50,116358,16461,11252,8215,34223,41798,18883,51,0,0,400975,0,45,116358,16461,11252,8215,34223,41798,18883,51,0,0,400975,0,51,116358,16461,11252,8215,34223,41798,18883,51,0,0,400975,0,-1322,116358,16461,11252,8215,34223,41798,18883,51,0,0,226071,0,2047,29134,32249,9444,7719,3993,4081,16128,51,0,0,226071,0,534,29134,32249,9444,7719,3993,4081,16128,51,0
3,0,400975,0,1772,116358,16461,11252,8215,34223,41798,18883,51,0,0,400975,0,313,116358,16461,11252,8215,34223,41798,18883,51,0,0,400975,0,86,116358,16461,11252,8215,34223,41798,18883,51,0,0,400975,0,50,116358,16461,11252,8215,34223,41798,18883,51,0,0,400975,0,45,116358,16461,11252,8215,34223,41798,18883,51,0,0,400975,0,51,116358,16461,11252,8215,34223,41798,18883,51,0,0,400975,0,-1322,116358,16461,11252,8215,34223,41798,18883,51,0,0,226071,0,2047,29134,32249,9444,7719,3993,4081,16128,51,0,0,226071,0,534,29134,32249,9444,7719,3993,4081,16128,51,0,0,226071,0,120,29134,32249,9444,7719,3993,4081,16128,51,0
3,0,400975,0,313,116358,16461,11252,8215,34223,41798,18883,51,0,0,400975,0,86,116358,16461,11252,8215,34223,41798,18883,51,0,0,400975,0,50,116358,16461,11252,8215,34223,41798,18883,51,0,0,400975,0,45,116358,16461,11252,8215,34223,41798,18883,51,0,0,400975,0,51,116358,16461,11252,8215,34223,41798,18883,51,0,0,400975,0,-1322,116358,16461,11252,8215,34223,41798,18883,51,0,0,226071,0,2047,29134,32249,9444,7719,3993,4081,16128,51,0,0,226071,0,534,29134,32249,9444,7719,3993,4081,16128,51,0,0,226071,0,120,29134,32249,9444,7719,3993,4081,16128,51,0,0,226071,0,-2048,29134,32249,9444,7719,3993,4081,16128,51,0
3,0,400975,0,86,116358,16461,11252,8215,34223,41798,18883,51,0,0,400975,0,50,116358,16461,11252,8215,34223,41798,18883,51,0,0,400975,0,45,116358,16461,11252,8215,34223,41798,18883,51,0,0,400975,0,51,116358,16461,11252,8215,34223,41798,18883,51,0,0,400975,0,-1322,116358,16461,11252,8215,34223,41798,18883,51,0,0,226071,0,2047,29134,32249,9444,7719,3993,4081,16128,51,0,0,226071,0,534,29134,32249,9444,7719,3993,4081,16128,51,0,0,226071,0,120,29134,32249,9444,7719,3993,4081,16128,51,0,0,226071,0,-2048,29134,32249,9444,7719,3993,4081,16128,51,0,0,226071,0,1112,29134,32249,9444,7719,3993,4081,16128,51,0
3,0,400975,0,50,116358,16461,11252,8215,34223,41798,18883,51,0,0,400975,0,45,116358,16461,11252,8215,34223,41798,18883,51,0,0,400975,0,51,116358,16461,11252,8215,34223,41798,18883,51,0,0,400975,0,-1322,116358,16461,11252,8215,34223,41798,18883,51,0,0,226071,0,2047,29134,32249,9444,7719,3993,4081,16128,51,0,0,226071,0,534,29134,32249,9444,7719,3993,4081,16128,51,0,0,226071,0,120,29134,32249,9444,7719,3993,4081,16128,51,0,0,226071,0,-2048,29134,32249,9444,7719,3993,4081,16128,51,0,0,226071,0,1112,29134,32249,9444,7719,3993,4081,16128,51,0,0,226071,0,211,29134,32249,9444,7719,3993,4081,16128,51,0
3,0,400975,0,45,116358,16461,11252,8215,34223,41798,18883,51,0,0,400975,0,51,116358,16461,11252,8215,34223,41798,18883,51,0,0,400975,0,-1322,116358,16461,11252,8215,34223,41798,18883,51,0,0,226071,0,2047,29134,32249,9444,7719,3993,4081,16128,51,0,0,226071,0,534,29134,32249,9444,7719,3993,4081,16128,51,0,0,226071,0,120,29134,32249,9444,7719,3993,4081,16128,51,0,0,226071,0,-2048,29134,32249,9444,7719,3993,4081,16128,51,0,0,226071,0,1112,29134,32249,9444,7719,3993,4081,16128,51,0,0,226071,0,211,29134,32249,9444,7719,3993,4081,16128,51,0,0,226071,0,67,29134,32249,9444,7719,3993,4081,16128,51,0
3,0,400975,0,51,116358,16461,11252,8215,34223,41798,18883,51,0,0,400975,0,-1322,116358,16461,11252,8215,34223,41798,18883,51,0,0,226071,0,2047,29134,32249,9444,7719,3993,4081,16128,51,0,0,226071,0,534,29134,32249,9444,7719,3993,4081,16128,51,0,0,226071,0,120,29134,32249,9444,7719,3993,4081,16128,51,0,0,226071,0,-2048,29134,32249,9444,7719,3993,4081,16128,51,0,0,226071,0,1112,29134,32249,9444,7719,3993,4081,16128,51,0,0,226071,0,211,29134,32249,9444,7719,3993,4081,16128,51,0,0,226071,0,67,29134,32249,9444,7719,3993,4081,16128,51,0,0,226071,0,49,29134,32249,9444,7719,3993,4081,16128,51,0
3,0,400975,0,-1322,116358,16461,11252,8215,34223,41798,18883,51,0,0,226071,0,2047,29134,32249,9444,7719,3993,4081,16128,51,0,0,226071,0,534,29134,32249,9444,7719,3993,4081,16128,51,0,0,226071,0,120,29134,32249,9444,7719,3993,4081,16128,51,0,0,226071,0,-2048,29134,32249,9444,7719,3993,4081,16128,51,0,0,226071,0,1112,29134,32249,9444,7719,3993,4081,16128,51,0,0,226071,0,211,29134,32249,9444,7719,3993,4081,16128,51,0,0,226071,0,67,29134,32249,9444,7719,3993,4081,16128,51,0,0,226071,0,49,29134,32249,9444,7719,3993,4081,16128,51,0,0,226071,0,44,29134,32249,9444,7719,3993,4081,16128,51,0
3,0,226071,0,2047,29134,32249,9444,7719,3993,4081,16128,51,0,0,226071,0,534,29134,32249,9444,7719,3993,4081,16128,51,0,0,226071,0,120,29134,32249,9444,7719,3993,4081,16128,51,0,0,226071,0,-2048,29134,32249,9444,7719,3993,4081,16128,51,0,0,226071,0,1112,29134,32249,9444,7719,3993,4081,16128,51,0,0,226071,0,211,29134,32249,9444,7719,3993,4081,16128,51,0,0,226071,0,67,29134,32249,9444,7719,3993,4081,16128,51,0,0,226071,0,49,29134,32249,9444,7719,3993,4081,16128,51,0,0,226071,0,44,29134,32249,9444,7719,3993,4081,16128,51,0,0,226071,0,44,29134,32249,9444,7719,3993,4081,16128,51,0
3,0,226071,0,534,29134,32249,9444,7719,3993,4081,16128,51,0,0,226071,0,120,29134,32249,9444,7719,3993,4081,16128,51,0,0,226071,0,-2048,29134,32249,9444,7719,3993,4081,16128,51,0,0,226071,0,1112,29134,32249,9444,7719,3993,4081,16128,51,0,0,226071,0,211,29134,32249,9444,7719,3993,4081,16128,51,0,0,226071,0,67,29134,32249,9444,7719,3993,4081,16128,51,0,0,226071,0,49,29134,32249,9444,7719,3993,4081,16128,51,0,0,226071,0,44,29134,32249,9444,7719,3993,4081,16128,51,0,0,226071,0,44,29134,32249,9444,7719,3993,4081,16128,51,0,0,2212669,0,49,195528,76121,230335,226209,409725,490682,297896,51,0
3,0,226071,0,120,29134,32249,9444,7719,3993,4081,16128,51,0,0,226071,0,-2048,29134,32249,9444,7719,3993,4081,16128,51,0,0,226071,0,1112,29134,32249,9444,7719,3993,4081,16128,51,0,0,226071,0,211,29134,32249,9444,7719,3993,4081,16128,51,0,0,226071,0,67,29134,32249,9444,7719,3993,4081,16128,51,0,0,226071,0,49,29134,32249,9444,7719,3993,4081,16128,51,0,0,226071,0,44,29134,32249,9444,7719,3993,4081,16128,51,0,0,226071,0,44,29134,32249,9444,7719,3993,4081,16128,51,0,0,2212669,0,49,195528,76121,230335,226209,409725,490682,297896,51,0,0,2212669,0,-817,195528,76121,230335,226209,409725,490682,297896,51,0
3,0,226071,0,-2048,29134,32249,9444,7719,3993,4081,16128,51,0,0,226071,0,1112,29134,32249,9444,7719,3993,4081,16128,51,0,0,226071,0,211,29134,32249,9444,7719,3993,4081,16128,51,0,0,226071,0,67,29134,32249,9444,7719,3993,4081,16128,51,0,0,226071,0,49,29134,32249,9444,7719,3993,4081,16128,51,0,0,226071,0,44,29134,32249,9444,7719,3993,4081,16128,51,0,0,226071,0,44,29134,32249,9444,7719,3993,4081,16128,51,0,0,2212669,0,49,195528,76121,230335,226209,409725,490682,297896,51,0,0,2212669,0,-817,195528,76121,230335,226209,409725,490682,297896,51,0,0,2212669,0,88,195528,76121,230335,226209,409725,490682,297896,51,0
3,0,226071,0,1112,29134,32249,9444,7719,3993,4081,16128,51,0,0,226071,0,211,29134,32249,9444,7719,3993,4081,16128,51,0,0,226071,0,67,29134,32249,9444,7719,3993,4081,16128,51,0,0,226071,0,49,29134,32249,9444,7719,3993,4081,16128,51,0,0,226071,0,44,29134,32249,9444,7719,3993,4081,16128,51,0,0,226071,0,44,29134,32249,9444,7719,3993,4081,16128,51,0,0,2212669,0,49,195528,76121,230335,226209,409725,490682,297896,51,0,0,2212669,0,-817,195528,76121,230335,226209,409725,490682,297896,51,0,0,2212669,0,88,195528,76121,230335,226209,409725,490682,297896,51,0,0,2212669,0,422,195528,76121,230335,226209,409725,490682,297896,51,0
3,0,226071,0,211,29134,32249,9444,7719,3993,4081,16128,51,0,0,226071,0,67,29134,32249,9444,7719,3993,4081,16128,51,0,0,226071,0,49,29134,32249,9444,7719,3993,4081,16128,51,0,0,226071,0,44,29134,32249,9444,7719,3993,4081,16128,51,0,0,226071,0,44,29134,32249,9444,7719,3993,4081,16128,51,0,0,2212669,0,49,195528,76121,230335,226209,409725,490682,297896,51,0,0,2212669,0,-817,195528,76121,230335,226209,409725,490682,297896,51,0,0,2212669,0,88,195528,76121,230335,226209,409725,490682,297896,51,0,0,2212669,0,422,195528,76121,230335,226209,409725,490682,297896,51,0,0,2212669,0,833,195528,76121,230335,226209,409725,490682,297896,51,0
3,0,226071,0,67,29134,32249,9444,7719,3993,4081,16128,51,0,0,226071,0,49,29134,32249,9444,7719,3993,4081,16128,51,0,0,226071,0,44,29134,32249,9444,7719,3993,4081,16128,51,0,0,226071,0,44,29134,32249,9444,7719,3993,4081,16128,51,0,0,2212669,0,49,195528,76121,230335,226209,409725,490682,297896,51,0,0,2212669,0,-817,195528,76121,230335,226209,409725,490682,297896,51,0,0,2212669,0,88,195528,76121,230335,226209,409725,490682,297896,51,0,0,2212669,0,422,195528,76121,230335,226209,409725,490682,297896,51,0,0,2212669,0,833,195528,76121,230335,226209,409725,490682,297896,51,0,0,2212669,0,2047,195528,76121,230335,226209,409725,490682,297896,51,0
3,0,226071,0,49,29134,32249,9444,7719,3993,4081,16128,51,0,0,226071,0,44,29134,32249,9444,7719,3993,4081,16128,51,0,0,226071,0,44,29134,32249,9444,7719,3993,4081,16128,51,0,0,2212669,0,49,195528,76121,230335,226209,409725,490682,297896,51,0,0,2212669,0,-817,195528,76121,230335,226209,409725,490682,297896,51,0,0,2212669,0,88,195528,76121,230335,226209,409725,490682,297896,51,0,0,2212669,0,422,195528,76121,230335,226209,409725,490682,297896,51,0,0,2212669,0,833,195528,76121,230335,226209,409725,490682,297896,51,0,0,2212669,0,2047,195528,76121,230335,226209,409725,490682,297896,51,0,0,2212669,0,267,195528,76121,230335,226209,409725,490682,297896,51,0
3,0,226071,0,44,29134,32249,9444,7719,3993,4081,16128,51,0,0,226071,0,44,29134,32249,9444,7719,3993,4081,16128,51,0,0,2212669,0,49,195528,76121,230335,226209,409725,490682,297896,51,0,0,2212669,0,-817,195528,76121,230335,226209,409725,490682,297896,51,0,0,2212669,0,88,195528,76121,230335,226209,409725,490682,297896,51,0,0,2212669,0,422,195528,76121,230335,226209,409725,490682,297896,51,0,0,2212669,0,833,195528,76121,230335,226209,409725,490682,297896,51,0,0,2212669,0,2047,195528,76121,230335,226209,409725,490682,297896,51,0,0,2212669,0,267,195528,76121,230335,226209,409725,490682,297896,51,0,0,2212669,0,80,195528,76121,230335,226209,409725,490682,297896,51,0
3,0,226071,0,44,29134,32249,9444,7719,3993,4081,16128,51,0,0,2212669,0,49,195528,76121,230335,226209,409725,490682,297896,51,0,0,2212669,0,-817,195528,76121,230335,226209,409725,490682,297896,51,0,0,2212669,0,88,195528,76121,230335,226209,409725,490682,297896,51,0,0,2212669,0,422,195528,76121,230335,226209,409725,490682,297896,51,0,0,2212669,0,833,195528,76121,230335,226209,409725,490682,297896,51,0,0,2212669,0,2047,195528,76121,230335,226209,409725,490682,297896,51,0,0,2212669,0,267,195528,76121,230335,226209,409725,490682,297896,51,0,0,2212669,0,80,195528,76121,230335,226209,409725,490682,297896,51,0,0,2212669,0,50,195528,76121,230335,226209,409725,490682,297896,51,0
3,0,2212669,0,49,195528,76121,230335,226209,409725,490682,297896,51,0,0,2212669,0,-817,195528,76121,230335,226209,409725,490682,297896,51,0,0,2212669,0,88,195528,76121,230335,226209,409725,490682,297896,51,0,0,2212669,0,422,195528,76121,230335,226209,409725,490682,297896,51,0,0,2212669,0,833,195528,76121,230335,226209,409725,490682,297896,51,0,0,2212669,0,2047,195528,76121,230335,226209,409725,490682,297896,51,0,0,2212669,0,267,195528,76121,230335,226209,409725,490682,297896,51,0,0,2212669,0,80,195528,76121,230335,226209,409725,490682,297896,51,0,0,2212669,0,50,195528,76121,230335,226209,409725,490682,297896,51,0,0,2212669,0,45,195528,76121,230335,226209,409725,490682,297896,51,0
3,0,2212669,0,-817,195528,76121,230335,226209,409725,490682,297896,51,0,0,2212669,0,88,195528,76121,230335,226209,409725,490682,297896,51,0,0,2212669,0,422,195528,76121,230335,226209,409725,490682,297896,51,0,0,2212669,0,833,195528,76121,230335,226209,409725,490682,297896,51,0,0,2212669,0,2047,195528,76121,230335,226209,409725,490682,297896,51,0,0,2212669,0,267,195528,76121,230335,226209,409725,490682,297896,51,0,0,2212669,0,80,195528,76121,230335,226209,409725,490682,297896,51,0,0,2212669,0,50,195528,76121,230335,226209,409725,490682,297896,51,0,0,2212669,0,45,195528,76121,230335,226209,409725,490682,297896,51,0,0,1356935,0,44,1215186,130469,146194,123190,119869,92893,179833,51,0
3,0,2212669,0,88,195528,76121,230335,226209,409725,490682,297896,51,0,0,2212669,0,422,195528,76121,230335,226209,409725,490682,297896,51,0,0,2212669,0,833,195528,76121,230335,226209,409725,490682,297896,51,0,0,2212669,0,2047,195528,76121,230335,226209,409725,490682,297896,51,0,0,2212669,0,267,195528,76121,230335,226209,409725,490682,297896,51,0,0,2212669,0,80,195528,76121,230335,226209,409725,490682,297896,51,0,0,2212669,0,50,195528,76121,230335,226209,409725,490682,297896,51,0,0,2212669,0,45,195528,76121,230335,226209,409725,490682,297896,51,0,0,1356935,0,44,1215186,130469,146194,123190,119869,92893,179833,51,0,0,1356935,0,45,1215186,130469,146194,123190,119869,92893,179833,51,0
3,0,2212669,0,422,195528,76121,230335,226209,409725,490682,297896,51,0,0,2212669,0,833,195528,76121,230335,226209,409725,490682,297896,51,0,0,2212669,0,2047,195528,76121,230335,226209,409725,490682,297896,51,0,0,2212669,0,267,195528,76121,230335,226209,409725,490682,297896,51,0,0,2212669,0,80,195528,76121,230335,226209,409725,490682,297896,51,0,0,2212669,0,50,195528,76121,230335,226209,409725,490682,297896,51,0,0,2212669,0,45,195528,76121,230335,226209,409725,490682,297896,51,0,0,1356935,0,44,1215186,130469,146194,123190,119869,92893,179833,51,0,0,1356935,0,45,1215186,130469,146194,123190,119869,92893,179833,51,0,0,1356935,0,-693,1215186,130469,146194,123190,119869,92893,179833,51,0
3,0,2212669,0,833,195528,76121,230335,226209,409725,490682,297896,51,0,0,2212669,0,2047,195528,76121,230335,226209,409725,490682,297896,51,0,0,2212669,0,267,195528,76121,230335,226209,409725,490682,297896,51,0,0,2212669,0,80,195528,76121,230335,226209,409725,490682,297896,51,0,0,2212669,0,50,195528,76121,230335,226209,409725,490682,297896,51,0,0,2212669,0,45,195528,76121,230335,226209,409725,490682,297896,51,0,0,1356935,0,44,1215186,130469,146194,123190,119869,92893,179833,51,0,0,1356935,0,45,1215186,130469,146194,123190,119869,92893,179833,51,0,0,1356935,0,-693,1215186,130469,146194,123190,119869,92893,179833,51,0,0,1356935,0,220,1215186,130469,146194,123190,119869,92893,179833,51,0
3,0,2212669,0,2047,195528,76121,230335,226209,409725,490682,297896,51,0,0,2212669,0,267,195528,76121,230335,226209,409725,490682,297896,51,0,0,2212669,0,80,195528,76121,230335,226209,409725,490682,297896,51,0,0,2212669,0,50,195528,76121,230335,226209,409725,490682,297896,51,0,0,2212669,0,45,195528,76121,230335,226209,409725,490682,297896,51,0,0,1356935,0,44,1215186,130469,146194,123190,119869,92893,179833,51,0,0,1356935,0,45,1215186,130469,146194,123190,119869,92893,179833,51,0,0,1356935,0,-693,1215186,130469,146194,123190,119869,92893,179833,51,0,0,1356935,0,220,1215186,130469,146194,123190,119869,92893,179833,51,0,0,1356935,0,365,1215186,130469,146194,123190,119869,92893,179833,51,0
3,0,2212669,0,267,195528,76121,230335,226209,409725,490682,297896,51,0,0,2212669,0,80,195528,76121,230335,226209,409725,490682,297896,51,0,0,2212669,0,50,195528,76121,230335,226209,409725,490682,297896,51,0,0,2212669,0,45,195528,76121,230335,226209,409725,490682,297896,51,0,0,1356935,0,44,1215186,130469,146194,123190,119869,92893,179833,51,0,0,1356935,0,45,1215186,130469,146194,123190,119869,92893,179833,51,0,0,1356935,0,-693,1215186,130469,146194,123190,119869,92893,179833,51,0,0,1356935,0,220,1215186,130469,146194,123190,119869,92893,179833,51,0,0,1356935,0,365,1215186,130469,146194,123190,119869,92893,179833,51,0,0,1356935,0,778,1215186,130469,146194,123190,119869,92893,179833,51,0
3,0,2212669,0,80,195528,76121,230335,226209,409725,490682,297896,51,0,0,2212669,0,50,195528,76121,230335,226209,409725,490682,297896,51,0,0,2212669,0,45,195528,76121,230335,226209,409725,490682,297896,51,0,0,1356935,0,44,1215186,130469,146194,123190,119869,92893,179833,51,0,0,1356935,0,45,1215186,130469,146194,123190,119869,92893,179833,51,0,0,1356935,0,-693,1215186,130469,146194,123190,119869,92893,179833,51,0,0,1356935,0,220,1215186,130469,146194,123190,119869,92893,179833,51,0,0,1356935,0,365,1215186,130469,146194,123190,119869,92893,179833,51,0,0,1356935,0,778,1215186,130469,146194,123190,119869,92893,179833,51,0,0,1356935,0,-1886,1215186,130469,146194,123190,119869,92893,179833,51,0
3,0,2212669,0,50,195528,76121,230335,226209,409725,490682,297896,51,0,0,2212669,0,45,195528,76121,230335,226209,409725,490682,297896,51,0,0,1356935,0,44,1215186,130469,146194,123190,119869,92893,179833,51,0,0,1356935,0,45,1215186,130469,146194,123190,119869,92893,179833,51,0,0,1356935,0,-693,1215186,130469,146194,123190,119869,92893,179833,51,0,0,1356935,0,220,1215186,130469,146194,123190,119869,92893,179833,51,0,0,1356935,0,365,1215186,130469,146194,123190,119869,92893,179833,51,0,0,1356935,0,778,1215186,130469,146194,123190,119869,92893,179833,51,0,0,1356935,0,-1886,1215186,130469,146194,123190,119869,92893,179833,51,0,0,1356935,0,730,1215186,130469,146194,123190,119869,92893,179833,51,0
3,0,2212669,0,45,195528,76121,230335,226209,409725,490682,297896,51,0,0,1356935,0,44,1215186,130469,146194,123190,119869,92893,179833,51,0,0,1356935,0,45,1215186,130469,146194,123190,119869,92893,179833,51,0,0,1356935,0,-693,1215186,130469,146194,123190,119869,92893,179833,51,0,0,1356935,0,220,1215186,130469,146194,123190,119869,92893,179833,51,0,0,1356935,0,365,1215186,130469,146194,123190,119869,92893,179833,51,0,0,1356935,0,778,1215186,130469,146194,123190,119869,92893,179833,51,0,0,1356935,0,-1886,1215186,130469,146194,123190,119869,92893,179833,51,0,0,1356935,0,730,1215186,130469,146194,123190,119869,92893,179833,51,0,0,1356935,0,151,1215186,130469,146194,123190,119869,92893,179833,51,0
3,0,1356935,0,44,1215186,130469,146194,123190,119869,92893,179833,51,0,0,1356935,0,45,1215186,130469,146194,123190,119869,92893,179833,51,0,0,1356935,0,-693,1215186,130469,146194,123190,119869,92893,179833,51,0,0,1356935,0,220,1215186,130469,146194,123190,119869,92893,179833,51,0,0,1356935,0,365,1215186,130469,146194,123190,119869,92893,179833,51,0,0,1356935,0,778,1215186,130469,146194,123190,119869,92893,179833,51,0,0,1356935,0,-1886,1215186,130469,146194,123190,119869,92893,179833,51,0,0,1356935,0,730,1215186,130469,146194,123190,119869,92893,179833,51,0,0,1356935,0,151,1215186,130469,146194,123190,119869,92893,179833,51,0,0,971106,0,59,712385,123840,233296,22117,77330,112868,227809,51,0
3,0,1356935,0,45,1215186,130469,146194,123190,119869,92893,179833,51,0,0,1356935,0,-693,1215186,130469,146194,123190,119869,92893,179833,51,0,0,1356935,0,220,1215186,130469,146194,123190,119869,92893,179833,51,0,0,1356935,0,365,1215186,130469,146194,123190,119869,92893,179833,51,0,0,1356935,0,778,1215186,130469,146194,123190,119869,92893,179833,51,0,0,1356935,0,-1886,1215186,130469,146194,123190,119869,92893,179833,51,0,0,1356935,0,730,1215186,130469,146194,123190,119869,92893,179833,51,0,0,1356935,0,151,1215186,130469,146194,123190,119869,92893,179833,51,0,0,971106,0,59,712385,123840,233296,22117,77330,112868,227809,51,0,0,971106,0,48,712385,123840,233296,22117,77330,112868,227809,51,0
3,0,1356935,0,-693,1215186,130469,146194,123190,119869,92893,179833,51,0,0,1356935,0,220,1215186,130469,146194,123190,119869,92893,179833,51,0,0,1356935,0,365,1215186,130469,146194,123190,119869,92893,179833,51,0,0,1356935,0,778,1215186,130469,146194,123190,119869,92893,179833,51,0,0,1356935,0,-1886,1215186,130469,146194,123190,119869,92893,179833,51,0,0,1356935,0,730,1215186,130469,146194,123190,119869,92893,179833,51,0,0,1356935,0,151,1215186,130469,146194,123190,119869,92893,179833,51,0,0,971106,0,59,712385,123840,233296,22117,77330,112868,227809,51,0,0,971106,0,48,712385,123840,233296,22117,77330,112868,227809,51,0,0,971106,0,44,712385,123840,233296,22117,77330,112868,227809,51,0
3,0,1356935,0,220,1215186,130469,146194,123190,119869,92893,179833,51,0,0,1356935,0,365,1215186,130469,146194,123190,119869,92893,179833,51,0,0,1356935,0,778,1215186,130469,146194,123190,119869,92893,179833,51,0,0,1356935,0,-1886,1215186,130469,146194,123190,119869,92893,179833,51,0,0,1356935,0,730,1215186,130469,146194,123190,119869,92893,179833,51,0,0,1356935,0,151,1215186,130469,146194,123190,119869,92893,179833,51,0,0,971106,0,59,712385,123840,233296,22117,77330,112868,227809,51,0,0,971106,0,48,712385,123840,233296,22117,77330,112868,227809,51,0,0,971106,0,44,712385,123840,233296,22117,77330,112868,227809,51,0,0,971106,0,44,712385,123840,233296,22117,77330,112868,227809,51,0
3,0,1356935,0,365,1215186,130469,146194,123190,119869,92893,179833,51,0,0,1356935,0,778,1215186,130469,146194,123190,119869,92893,179833,51,0,0,1356935,0,-1886,1215186,130469,146194,123190,119869,92893,179833,51,0,0,1356935,0,730,1215186,130469,146194,123190,119869,92893,179833,51,0,0,1356935,0,151,1215186,130469,146194,123190,119869,92893,179833,51,0,0,971106,0,59,712385,123840,233296,22117,77330,112868,227809,51,0,0,971106,0,48,712385,123840,233296,22117,77330,112868,227809,51,0,0,971106,0,44,712385,123840,233296,22117,77330,112868,227809,51,0,0,971106,0,44,712385,123840,233296,22117,77330,112868,227809,51,0,0,971106,0,-169,712385,123840,233296,22117,77330,112868,227809,51,0
3,0,1356935,0,778,1215186,130469,146194,123190,119869,92893,179833,51,0,0,1356935,0,-1886,1215186,130469,146194,123190,119869,92893,179833,51,0,0,1356935,0,730,1215186,130469,146194,123190,119869,92893,179833,51,0,0,1356935,0,151,1215186,130469,146194,123190,119869,92893,179833,51,0,0,971106,0,59,712385,123840,233296,22117,77330,112868,227809,51,0,0,971106,0,48,712385,123840,233296,22117,77330,112868,227809,51,0,0,971106,0,44,712385,123840,233296,22117,77330,112868,227809,51,0,0,971106,0,44,712385,123840,233296,22117,77330,112868,227809,51,0,0,971106,0,-169,712385,123840,233296,22117,77330,112868,227809,51,0,0,971106,0,121,712385,123840,233296,22117,77330,112868,227809,51,0
3,0,1356935,0,-1886,1215186,130469,146194,123190,119869,92893,179833,51,0,0,1356935,0,730,1215186,130469,146194,123190,119869,92893,179833,51,0,0,1356935,0,151,1215186,130469,146194,123190,119869,92893,179833,51,0,0,971106,0,59,712385,123840,233296,22117,77330,112868,227809,51,0,0,971106,0,48,712385,123840,233296,22117,77330,112868,227809,51,0,0,971106,0,44,712385,123840,233296,22117,77330,112868,227809,51,0,0,971106,0,44,712385,123840,233296,22117,77330,112868,227809,51,0,0,971106,0,-169,712385,123840,233296,22117,77330,112868,227809,51,0,0,971106,0,121,712385,123840,233296,22117,77330,112868,227809,51,0,0,971106,0,112,712385,123840,233296,22117,77330,112868,227809,51,0
3,0,1356935,0,730,1215186,130469,146194,123190,119869,92893,179833,51,0,0,1356935,0,151,1215186,130469,146194,123190,119869,92893,179833,51,0,0,971106,0,59,712385,123840,233296,22117,77330,112868,227809,51,0,0,971106,0,48,712385,123840,233296,22117,77330,112868,227809,51,0,0,971106,0,44,712385,123840,233296,22117,77330,112868,227809,51,0,0,971106,0,44,712385,123840,233296,22117,77330,112868,227809,51,0,0,971106,0,-169,712385,123840,233296,22117,77330,112868,227809,51,0,0,971106,0,121,712385,123840,233296,22117,77330,112868,227809,51,0,0,971106,0,112,712385,123840,233296,22117,77330,112868,227809,51,0,0,971106,0,1080,712385,123840,233296,22117,77330,112868,227809,51,0
3,0,1356935,0,151,1215186,130469,146194,123190,119869,92893,179833,51,0,0,971106,0,59,712385,123840,233296,22117,77330,112868,227809,51,0,0,971106,0,48,712385,123840,233296,22117,77330,112868,227809,51,0,0,971106,0,44,712385,123840,233296,22117,77330,112868,227809,51,0,0,971106,0,44,712385,123840,233296,22117,77330,112868,227809,51,0,0,971106,0,-169,712385,123840,233296,22117,77330,112868,227809,51,0,0,971106,0,121,712385,123840,233296,22117,77330,112868,227809,51,0,0,971106,0,112,712385,123840,233296,22117,77330,112868,227809,51,0,0,971106,0,1080,712385,123840,233296,22117,77330,112868,227809,51,0,0,971106,0,425,712385,123840,233296,22117,77330,112868,227809,51,0
3,0,971106,0,59,712385,123840,233296,22117,77330,112868,227809,51,0,0,971106,0,48,712385,123840,233296,22117,77330,112868,227809,51,0,0,971106,0,44,712385,123840,233296,22117,77330,112868,227809,51,0,0,971106,0,44,712385,123840,233296,22117,77330,112868,227809,51,0,0,971106,0,-169,712385,123840,233296,22117,77330,112868,227809,51,0,0,971106,0,121,712385,123840,233296,22117,77330,112868,227809,51,0,0,971106,0,112,712385,123840,233296,22117,77330,112868,227809,51,0,0,971106,0,1080,712385,123840,233296,22117,77330,112868,227809,51,0,0,971106,0,425,712385,123840,233296,22117,77330,112868,227809,51,0,0,971106,0,1078,712385,123840,233296,22117,77330,112868,227809,51,0
3,0,971106,0,48,712385,123840,233296,22117,77330,112868,227809,51,0,0,971106,0,44,712385,123840,233296,22117,77330,112868,227809,51,0,0,971106,0,44,712385,123840,233296,22117,77330,112868,227809,51,0,0,971106,0,-169,712385,123840,233296,22117,77330,112868,227809,51,0,0,971106,0,121,712385,123840,233296,22117,77330,112868,227809,51,0,0,971106,0,112,712385,123840,233296,22117,77330,112868,227809,51,0,0,971106,0,1080,712385,123840,233296,22117,77330,112868,227809,51,0,0,971106,0,425,712385,123840,233296,22117,77330,112868,227809,51,0,0,971106,0,1078,712385,123840,233296,22117,77330,112868,227809,51,0,0,696122,0,172,62929,13072,23571,38936,163969,175677,53032,51,0
3,0,971106,0,44,712385,123840,233296,22117,77330,112868,227809,51,0,0,971106,0,44,712385,123840,233296,22117,77330,112868,227809,51,0,0,971106,0,-169,712385,123840,233296,22117,77330,112868,227809,51,0,0,971106,0,121,712385,123840,233296,22117,77330,112868,227809,51,0,0,971106,0,112,712385,123840,233296,22117,77330,112868,227809,51,0,0,971106,0,1080,712385,123840,233296,22117,77330,112868,227809,51,0,0,971106,0,425,712385,123840,233296,22117,77330,112868,227809,51,0,0,971106,0,1078,712385,123840,233296,22117,77330,112868,227809,51,0,0,696122,0,172,62929,13072,23571,38936,163969,175677,53032,51,0,0,696122,0,65,62929,13072,23571,38936,163969,175677,53032,51,0
3,0,971106,0,44,712385,123840,233296,22117,77330,112868,227809,51,0,0,971106,0,-169,712385,123840,233296,22117,77330,112868,227809,51,0,0,971106,0,121,712385,123840,233296,22117,77330,112868,227809,51,0,0,971106,0,112,712385,123840,233296,22117,77330,112868,227809,51,0,0,971106,0,1080,712385,123840,233296,22117,77330,112868,227809,51,0,0,971106,0,425,712385,123840,233296,22117,77330,112868,227809,51,0,0,971106,0,1078,712385,123840,233296,22117,77330,112868,227809,51,0,0,696122,0,172,62929,13072,23571,38936,163969,175677,53032,51,0,0,696122,0,65,62929,13072,23571,38936,163969,175677,53032,51,0,0,696122,0,49,62929,13072,23571,38936,163969,175677,53032,51,0
3,0,971106,0,-169,712385,123840,233296,22117,77330,112868,227809,51,0,0,971106,0,121,712385,123840,233296,22117,77330,112868,227809,51,0,0,971106,0,112,712385,123840,233296,22117,77330,112868,227809,51,0,0,971106,0,1080,712385,123840,233296,22117,77330,112868,227809,51,0,0,971106,0,425,712385,123840,233296,22117,77330,112868,227809,51,0,0,971106,0,1078,712385,123840,233296,22117,77330,112868,227809,51,0,0,696122,0,172,62929,13072,23571,38936,163969,175677,53032,51,0,0,696122,0,65,62929,13072,23571,38936,163969,175677,53032,51,0,0,696122,0,49,62929,13072,23571,38936,163969,175677,53032,51,0,0,696122,0,44,62929,13072,23571,38936,163969,175677,53032,51,0
3,0,971106,0,121,712385,123840,233296,22117,77330,112868,227809,51,0,0,971106,0,112,712385,123840,233296,22117,77330,112868,227809,51,0,0,971106,0,1080,712385,123840,233296,22117,77330,112868,227809,51,0,0,971106,0,425,712385,123840,233296,22117,77330,112868,227809,51,0,0,971106,0,1078,712385,123840,233296,22117,77330,112868,227809,51,0,0,696122,0,172,62929,13072,23571,38936,163969,175677,53032,51,0,0,696122,0,65,62929,13072,23571,38936,163969,175677,53032,51,0,0,696122,0,49,62929,13072,23571,38936,163969,175677,53032,51,0,0,696122,0,44,62929,13072,23571,38936,163969,175677,53032,51,0,0,696122,0,48,62929,13072,23571,38936,163969,175677,53032,51,0
3,0,971106,0,112,712385,123840,233296,22117,77330,112868,227809,51,0,0,971106,0,1080,712385,123840,233296,22117,77330,112868,227809,51,0,0,971106,0,425,712385,123840,233296,22117,77330,112868,227809,51,0,0,971106,0,1078,712385,123840,233296,22117,77330,112868,227809,51,0,0,696122,0,172,62929,13072,23571,38936,163969,175677,53032,51,0,0,696122,0,65,62929,13072,23571,38936,163969,175677,53032,51,0,0,696122,0,49,62929,13072,23571,38936,163969,175677,53032,51,0,0,696122,0,44,62929,13072,23571,38936,163969,175677,53032,51,0,0,696122,0,48,62929,13072,23571,38936,163969,175677,53032,51,0,0,696122,0,-826,62929,13072,23571,38936,163969,175677,53032,51,0
3,0,971106,0,1080,712385,123840,233296,22117,77330,112868,227809,51,0,0,971106,0,425,712385,123840,233296,22117,77330,112868,227809,51,0,0,971106,0,1078,712385,123840,233296,22117,77330,112868,227809,51,0,0,696122,0,172,62929,13072,23571,38936,163969,175677,53032,51,0,0,696122,0,65,62929,13072,23571,38936,163969,175677,53032,51,0,0,696122,0,49,62929,13072,23571,38936,163969,175677,53032,51,0,0,696122,0,44,62929,13072,23571,38936,163969,175677,53032,51,0,0,696122,0,48,62929,13072,23571,38936,163969,175677,53032,51,0,0,696122,0,-826,62929,13072,23571,38936,163969,175677,53032,51,0,0,696122,0,229,62929,13072,23571,38936,163969,175677,53032,51,0
3,0,971106,0,425,712385,123840,233296,22117,77330,112868,227809,51,0,0,971106,0,1078,712385,123840,233296,22117,77330,112868,227809,51,0,0,696122,0,172,62929,13072,23571,38936,163969,175677,53032,51,0,0,696122,0,65,62929,13072,23571,38936,163969,175677,53032,51,0,0,696122,0,49,62929,13072,23571,38936,163969,175677,53032,51,0,0,696122,0,44,62929,13072,23571,38936,163969,175677,53032,51,0,0,696122,0,48,62929,13072,23571,38936,163969,175677,53032,51,0,0,696122,0,-826,62929,13072,23571,38936,163969,175677,53032,51,0,0,696122,0,229,62929,13072,23571,38936,163969,175677,53032,51,0,0,696122,0,72,62929,13072,23571,38936,163969,175677,53032,51,0
3,0,971106,0,1078,712385,123840,233296,22117,77330,112868,227809,51,0,0,696122,0,172,62929,13072,23571,38936,163969,175677,53032,51,0,0,696122,0,65,62929,13072,23571,38936,163969,175677,53032,51,0,0,696122,0,49,62929,13072,23571,38936,163969,175677,53032,51,0,0,696122,0,44,62929,13072,23571,38936,163969,175677,53032,51,0,0,696122,0,48,62929,13072,23571,38936,163969,175677,53032,51,0,0,696122,0,-826,62929,13072,23571,38936,163969,175677,53032,51,0,0,696122,0,229,62929,13072,23571,38936,163969,175677,53032,51,0,0,696122,0,72,62929,13072,23571,38936,163969,175677,53032,51,0,0,696122,0,120,62929,13072,23571,38936,163969,175677,53032,51,0
3,0,696122,0,172,62929,13072,23571,38936,163969,175677,53032,51,0,0,696122,0,65,62929,13072,23571,38936,163969,175677,53032,51,0,0,696122,0,49,62929,13072,23571,38936,163969,175677,53032,51,0,0,696122,0,44,62929,13072,23571,38936,163969,175677,53032,51,0,0,696122,0,48,62929,13072,23571,38936,163969,175677,53032,51,0,0,696122,0,-826,62929,13072,23571,38936,163969,175677,53032,51,0,0,696122,0,229,62929,13072,23571,38936,163969,175677,53032,51,0,0,696122,0,72,62929,13072,23571,38936,163969,175677,53032,51,0,0,696122,0,120,62929,13072,23571,38936,163969,175677,53032,51,0,0,696122,0,259,62929,13072,23571,38936,163969,175677,53032,51,0
3,0,696122,0,65,62929,13072,23571,38936,163969,175677,53032,51,0,0,696122,0,49,62929,13072,23571,38936,163969,175677,53032,51,0,0,696122,0,44,62929,13072,23571,38936,163969,175677,53032,51,0,0,696122,0,48,62929,13072,23571,38936,163969,175677,53032,51,0,0,696122,0,-826,62929,13072,23571,38936,163969,175677,53032,51,0,0,696122,0,229,62929,13072,23571,38936,163969,175677,53032,51,0,0,696122,0,72,62929,13072,23571,38936,163969,175677,53032,51,0,0,696122,0,120,62929,13072,23571,38936,163969,175677,53032,51,0,0,696122,0,259,62929,13072,23571,38936,163969,175677,53032,51,0,0,461265,0,1399,208714,72012,151324,191426,152635,81069,91429,51,0
3,0,696122,0,49,62929,13072,23571,38936,163969,175677,53032,51,0,0,696122,0,44,62929,13072,23571,38936,163969,175677,53032,51,0,0,696122,0,48,62929,13072,23571,38936,163969,175677,53032,51,0,0,696122,0,-826,62929,13072,23571,38936,163969,175677,53032,51,0,0,696122,0,229,62929,13072,23571,38936,163969,175677,53032,51,0,0,696122,0,72,62929,13072,23571,38936,163969,175677,53032,51,0,0,696122,0,120,62929,13072,23571,38936,163969,175677,53032,51,0,0,696122,0,259,62929,13072,23571,38936,163969,175677,53032,51,0,0,461265,0,1399,208714,72012,151324,191426,152635,81069,91429,51,0,0,461265,0,256,208714,72012,151324,191426,152635,81069,91429,51,0
3,0,696122,0,44,62929,13072,23571,38936,163969,175677,53032,51,0,0,696122,0,48,62929,13072,23571,38936,163969,175677,53032,51,0,0,696122,0,-826,62929,13072,23571,38936,163969,175677,53032,51,0,0,696122,0,229,62929,13072,23571,38936,163969,175677,53032,51,0,0,696122,0,72,62929,13072,23571,38936,163969,175677,53032,51,0,0,696122,0,120,62929,13072,23571,38936,163969,175677,53032,51,0,0,696122,0,259,62929,13072,23571,38936,163969,175677,53032,51,0,0,461265,0,1399,208714,72012,151324,191426,152635,81069,91429,51,0,0,461265,0,256,208714,72012,151324,191426,152635,81069,91429,51,0,0,461265,0,76,208714,72012,151324,191426,152635,81069,91429,51,0
3,0,696122,0,48,62929,13072,23571,38936,163969,175677,53032,51,0,0,696122,0,-826,62929,13072,23571,38936,163969,175677,53032,51,0,0,696122,0,229,62929,13072,23571,38936,163969,175677,53032,51,0,0,696122,0,72,62929,13072,23571,38936,163969,175677,53032,51,0,0,696122,0,120,62929,13072,23571,38936,163969,175677,53032,51,0,0,696122,0,259,62929,13072,23571,38936,163969,175677,53032,51,0,0,461265,0,1399,208714,72012,151324,191426,152635,81069,91429,51,0,0,461265,0,256,208714,72012,151324,191426,152635,81069,91429,51,0,0,461265,0,76,208714,72012,151324,191426,152635,81069,91429,51,0,0,461265,0,50,208714,72012,151324,191426,152635,81069,91429,51,0
3,0,696122,0,-826,62929,13072,23571,38936,163969,175677,53032,51,0,0,696122,0,229,62929,13072,23571,38936,163969,175677,53032,51,0,0,696122,0,72,62929,13072,23571,38936,163969,175677,53032,51,0,0,696122,0,120,62929,13072,23571,38936,163969,175677,53032,51,0,0,696122,0,259,62929,13072,23571,38936,163969,175677,53032,51,0,0,461265,0,1399,208714,72012,151324,191426,152635,81069,91429,51,0,0,461265,0,256,208714,72012,151324,191426,152635,81069,91429,51,0,0,461265,0,76,208714,72012,151324,191426,152635,81069,91429,51,0,0,461265,0,50,208714,72012,151324,191426,152635,81069,91429,51,0,0,461265,0,45,208714,72012,151324,191426,152635,81069,91429,51,0
3,0,696122,0,229,62929,13072,23571,38936,163969,175677,53032,51,0,0,696122,0,72,62929,13072,23571,38936,163969,175677,53032,51,0,0,696122,0,120,62929,13072,23571,38936,163969,175677,53032,51,0,0,696122,0,259,62929,13072,23571,38936,163969,175677,53032,51,0,0,461265,0,1399,208714,72012,151324,191426,152635,81069,91429,51,0,0,461265,0,256,208714,72012,151324,191426,152635,81069,91429,51,0,0,461265,0,76,208714,72012,151324,191426,152635,81069,91429,51,0,0,461265,0,50,208714,72012,151324,191426,152635,81069,91429,51,0,0,461265,0,45,208714,72012,151324,191426,152635,81069,91429,51,0,0,461265,0,44,208714,72012,151324,191426,152635,81069,91429,51,0
3,0,696122,0,72,62929,13072,23571,38936,163969,175677,53032,51,0,0,696122,0,120,62929,13072,23571,38936,163969,175677,53032,51,0,0,696122,0,259,62929,13072,23571,38936,163969,175677,53032,51,0,0,461265,0,1399,208714,72012,151324,191426,152635,81069,91429,51,0,0,461265,0,256,208714,72012,151324,191426,152635,81069,91429,51,0,0,461265,0,76,208714,72012,151324,191426,152635,81069,91429,51,0,0,461265,0,50,208714,72012,151324,191426,152635,81069,91429,51,0,0,461265,0,45,208714,72012,151324,191426,152635,81069,91429,51,0,0,461265,0,44,208714,72012,151324,191426,152635,81069,91429,51,0,0,461265,0,52,208714,72012,151324,191426,152635,81069,91429,51,0
3,0,696122,0,120,62929,13072,23571,38936,163969,175677,53032,51,0,0,696122,0,259,62929,13072,23571,38936,163969,175677,53032,51,0,0,461265,0,1399,208714,72012,151324,191426,152635,81069,91429,51,0,0,461265,0,256,208714,72012,151324,191426,152635,81069,91429,51,0,0,461265,0,76,208714,72012,151324,191426,152635,81069,91429,51,0,0,461265,0,50,208714,72012,151324,191426,152635,81069,91429,51,0,0,461265,0,45,208714,72012,151324,191426,152635,81069,91429,51,0,0,461265,0,44,208714,72012,151324,191426,152635,81069,91429,51,0,0,461265,0,52,208714,72012,151324,191426,152635,81069,91429,51,0,0,461265,0,-2048,208714,72012,151324,191426,152635,81069,91429,51,0
3,0,696122,0,259,62929,13072,23571,38936,163969,175677,53032,51,0,0,461265,0,1399,208714,72012,151324,191426,152635,81069,91429,51,0,0,461265,0,256,208714,72012,151324,191426,152635,81069,91429,51,0,0,461265,0,76,208714,72012,151324,191426,152635,81069,91429,51,0,0,461265,0,50,208714,72012,151324,191426,152635,81069,91429,51,0,0,461265,0,45,208714,72012,151324,191426,152635,81069,91429,51,0,0,461265,0,44,208714,72012,151324,191426,152635,81069,91429,51,0,0,461265,0,52,208714,72012,151324,191426,152635,81069,91429,51,0,0,461265,0,-2048,208714,72012,151324,191426,152635,81069,91429,51,0,0,461265,0,-488,208714,72012,151324,191426,152635,81069,91429,51,0
3,0,461265,0,1399,208714,72012,151324,191426,152635,81069,91429,51,0,0,461265,0,256,208714,72012,151324,191426,152635,81069,91429,51,0,0,461265,0,76,208714,72012,151324,191426,152635,81069,91429,51,0,0,461265,0,50,208714,72012,151324,191426,152635,81069,91429,51,0,0,461265,0,45,208714,72012,151324,191426,152635,81069,91429,51,0,0,461265,0,44,208714,72012,151324,191426,152635,81069,91429,51,0,0,461265,0,52,208714,72012,151324,191426,152635,81069,91429,51,0,0,461265,0,-2048,208714,72012,151324,191426,152635,81069,91429,51,0,0,461265,0,-488,208714,72012,151324,191426,152635,81069,91429,51,0,0,461265,0,2047,208714,72012,151324,191426,152635,81069,91429,51,0
3,0,461265,0,256,208714,72012,151324,191426,152635,81069,91429,51,0,0,461265,0,76,208714,72012,151324,191426,152635,81069,91429,51,0,0,461265,0,50,208714,72012,151324,191426,152635,81069,91429,51,0,0,461265,0,45,208714,72012,151324,191426,152635,81069,91429,51,0,0,461265,0,44,208714,72012,151324,191426,152635,81069,91429,51,0,0,461265,0,52,208714,72012,151324,191426,152635,81069,91429,51,0,0,461265,0,-2048,208714,72012,151324,191426,152635,81069,91429,51,0,0,461265,0,-488,208714,72012,151324,191426,152635,81069,91429,51,0,0,461265,0,2047,208714,72012,151324,191426,152635,81069,91429,51,0,0,238991,0,681,23862,6708,2731,4068,3640,2713,6262,51,0
3,0,461265,0,76,208714,72012,151324,191426,152635,81069,91429,51,0,0,461265,0,50,208714,72012,151324,191426,152635,81069,91429,51,0,0,461265,0,45,208714,72012,151324,191426,152635,81069,91429,51,0,0,461265,0,44,208714,72012,151324,191426,152635,81069,91429,51,0,0,461265,0,52,208714,72012,151324,191426,152635,81069,91429,51,0,0,461265,0,-2048,208714,72012,151324,191426,152635,81069,91429,51,0,0,461265,0,-488,208714,72012,151324,191426,152635,81069,91429,51,0,0,461265,0,2047,208714,72012,151324,191426,152635,81069,91429,51,0,0,238991,0,681,23862,6708,2731,4068,3640,2713,6262,51,0,0,238991,0,-1867,23862,6708,2731,4068,3640,2713,6262,51,0
3,0,461265,0,50,208714,72012,151324,191426,152635,81069,91429,51,0,0,461265,0,45,208714,72012,151324,191426,152635,81069,91429,51,0,0,461265,0,44,208714,72012,151324,191426,152635,81069,91429,51,0,0,461265,0,52,208714,72012,151324,191426,152635,81069,91429,51,0,0,461265,0,-2048,208714,72012,151324,191426,152635,81069,91429,51,0,0,461265,0,-488,208714,72012,151324,191426,152635,81069,91429,51,0,0,461265,0,2047,208714,72012,151324,191426,152635,81069,91429,51,0,0,238991,0,681,23862,6708,2731,4068,3640,2713,6262,51,0,0,238991,0,-1867,23862,6708,2731,4068,3640,2713,6262,51,0,0,238991,0,1355,23862,6708,2731,4068,3640,2713,6262,51,0
3,0,461265,0,45,208714,72012,151324,191426,152635,81069,91429,51,0,0,461265,0,44,208714,72012,151324,191426,152635,81069,91429,51,0,0,461265,0,52,208714,72012,151324,191426,152635,81069,91429,51,0,0,461265,0,-2048,208714,72012,151324,191426,152635,81069,91429,51,0,0,461265,0,-488,208714,72012,151324,191426,152635,81069,91429,51,0,0,461265,0,2047,208714,72012,151324,191426,152635,81069,91429,51,0,0,238991,0,681,23862,6708,2731,4068,3640,2713,6262,51,0,0,238991,0,-1867,23862,6708,2731,4068,3640,2713,6262,51,0,0,238991,0,1355,23862,6708,2731,4068,3640,2713,6262,51,0,0,238991,0,247,23862,6708,2731,4068,3640,2713,6262,51,0
3,0,461265,0,44,208714,72012,151324,191426,152635,81069,91429,51,0,0,461265,0,52,208714,72012,151324,191426,152635,81069,91429,51,0,0,461265,0,-2048,208714,72012,151324,191426,152635,81069,91429,51,0,0,461265,0,-488,208714,72012,151324,191426,152635,81069,91429,51,0,0,461265,0,2047,208714,72012,151324,191426,152635,81069,91429,51,0,0,238991,0,681,23862,6708,2731,4068,3640,2713,6262,51,0,0,238991,0,-1867,23862,6708,2731,4068,3640,2713,6262,51,0,0,238991,0,1355,23862,6708,2731,4068,3640,2713,6262,51,0,0,238991,0,247,23862,6708,2731,4068,3640,2713,6262,51,0,0,238991,0,76,23862,6708,2731,4068,3640,2713,6262,51,0
3,0,461265,0,52,208714,72012,151324,191426,152635,81069,91429,51,0,0,461265,0,-2048,208714,72012,151324,191426,152635,81069,91429,51,0,0,461265,0,-488,208714,72012,151324,191426,152635,81069,91429,51,0,0,461265,0,2047,208714,72012,151324,191426,152635,81069,91429,51,0,0,238991,0,681,23862,6708,2731,4068,3640,2713,6262,51,0,0,238991,0,-1867,23862,6708,2731,4068,3640,2713,6262,51,0,0,238991,0,1355,23862,6708,2731,4068,3640,2713,6262,51,0,0,238991,0,247,23862,6708,2731,4068,3640,2713,6262,51,0,0,238991,0,76,23862,6708,2731,4068,3640,2713,6262,51,0,0,238991,0,49,23862,6708,2731,4068,3640,2713,6262,51,0
3,0,461265,0,-2048,208714,72012,151324,191426,152635,81069,91429,51,0,0,461265,0,-488,208714,72012,151324,191426,152635,81069,91429,51,0,0,461265,0,2047,208714,72012,151324,191426,152635,81069,91429,51,0,0,238991,0,681,23862,6708,2731,4068,3640,2713,6262,51,0,0,238991,0,-1867,23862,6708,2731,4068,3640,2713,6262,51,0,0,238991,0,1355,23862,6708,2731,4068,3640,2713,6262,51,0,0,238991,0,247,23862,6708,2731,4068,3640,2713,6262,51,0,0,238991,0,76,23862,6708,2731,4068,3640,2713,6262,51,0,0,238991,0,49,23862,6708,2731,4068,3640,2713,6262,51,0,0,238991,0,45,23862,6708,2731,4068,3640,2713,6262,51,0
3,0,461265,0,-488,208714,72012,151324,191426,152635,81069,91429,51,0,0,461265,0,2047,208714,72012,151324,191426,152635,81069,91429,51,0,0,238991,0,681,23862,6708,2731,4068,3640,2713,6262,51,0,0,238991,0,-1867,23862,6708,2731,4068,3640,2713,6262,51,0,0,238991,0,1355,23862,6708,2731,4068,3640,2713,6262,51,0,0,238991,0,247,23862,6708,2731,4068,3640,2713,6262,51,0,0,238991,0,76,23862,6708,2731,4068,3640,2713,6262,51,0,0,238991,0,49,23862,6708,2731,4068,3640,2713,6262,51,0,0,238991,0,45,23862,6708,2731,4068,3640,2713,6262,51,0,0,238991,0,44,23862,6708,2731,4068,3640,2713,6262,51,0
3,0,461265,0,2047,208714,72012,151324,191426,152635,81069,91429,51,0,0,238991,0,681,23862,6708,2731,4068,3640,2713,6262,51,0,0,238991,0,-1867,23862,6708,2731,4068,3640,2713,6262,51,0,0,238991,0,1355,23862,6708,2731,4068,3640,2713,6262,51,0,0,238991,0,247,23862,6708,2731,4068,3640,2713,6262,51,0,0,238991,0,76,23862,6708,2731,4068,3640,2713,6262,51,0,0,238991,0,49,23862,6708,2731,4068,3640,2713,6262,51,0,0,238991,0,45,23862,6708,2731,4068,3640,2713,6262,51,0,0,238991,0,44,23862,6708,2731,4068,3640,2713,6262,51,0,0,238991,0,51,23862,6708,2731,4068,3640,2713,6262,51,0
3,0,238991,0,681,23862,6708,2731,4068,3640,2713,6262,51,0,0,238991,0,-1867,23862,6708,2731,4068,3640,2713,6262,51,0,0,238991,0,1355,23862,6708,2731,4068,3640,2713,6262,51,0,0,238991,0,247,23862,6708,2731,4068,3640,2713,6262,51,0,0,238991,0,76,23862,6708,2731,4068,3640,2713,6262,51,0,0,238991,0,49,23862,6708,2731,4068,3640,2713,6262,51,0,0,238991,0,45,23862,6708,2731,4068,3640,2713,6262,51,0,0,238991,0,44,23862,6708,2731,4068,3640,2713,6262,51,0,0,238991,0,51,23862,6708,2731,4068,3640,2713,6262,51,0,0,238991,0,50,23862,6708,2731,4068,3640,2713,6262,51,0
3,0,238991,0,-1867,23862,6708,2731,4068,3640,2713,6262,51,0,0,238991,0,1355,23862,6708,2731,4068,3640,2713,6262,51,0,0,238991,0,247,23862,6708,2731,4068,3640,2713,6262,51,0,0,238991,0,76,23862,6708,2731,4068,3640,2713,6262,51,0,0,238991,0,49,23862,6708,2731,4068,3640,2713,6262,51,0,0,238991,0,45,23862,6708,2731,4068,3640,2713,6262,51,0,0,238991,0,44,23862,6708,2731,4068,3640,2713,6262,51,0,0,238991,0,51,23862,6708,2731,4068,3640,2713,6262,51,0,0,238991,0,50,23862,6708,2731,4068,3640,2713,6262,51,0,0,387570,0,50,96351,6166,32980,56436,112958,254636,86952,51,0
3,0,238991,0,1355,23862,6708,2731,4068,3640,2713,6262,51,0,0,238991,0,247,23862,6708,2731,4068,3640,2713,6262,51,0,0,238991,0,76,23862,6708,2731,4068,3640,2713,6262,51,0,0,238991,0,49,23862,6708,2731,4068,3640,2713,6262,51,0,0,238991,0,45,23862,6708,2731,4068,3640,2713,6262,51,0,0,238991,0,44,23862,6708,2731,4068,3640,2713,6262,51,0,0,238991,0,51,23862,6708,2731,4068,3640,2713,6262,51,0,0,238991,0,50,23862,6708,2731,4068,3640,2713,6262,51,0,0,387570,0,50,96351,6166,32980,56436,112958,254636,86952,51,0,0,387570,0,69,96351,6166,32980,56436,112958,254636,86952,51,0
3,0,238991,0,247,23862,6708,2731,4068,3640,2713,6262,51,0,0,238991,0,76,23862,6708,2731,4068,3640,2713,6262,51,0,0,238991,0,49,23862,6708,2731,4068,3640,2713,6262,51,0,0,238991,0,45,23862,6708,2731,4068,3640,2713,6262,51,0,0,238991,0,44,23862,6708,2731,4068,3640,2713,6262,51,0,0,238991,0,51,23862,6708,2731,4068,3640,2713,6262,51,0,0,238991,0,50,23862,6708,2731,4068,3640,2713,6262,51,0,0,387570,0,50,96351,6166,32980,56436,112958,254636,86952,51,0,0,387570,0,69,96351,6166,32980,56436,112958,254636,86952,51,0,0,387570,0,-2048,96351,6166,32980,56436,112958,254636,86952,51,0
3,0,238991,0,76,23862,6708,2731,4068,3640,2713,6262,51,0,0,238991,0,49,23862,6708,2731,4068,3640,2713,6262,51,0,0,238991,0,45,23862,6708,2731,4068,3640,2713,6262,51,0,0,238991,0,44,23862,6708,2731,4068,3640,2713,6262,51,0,0,238991,0,51,23862,6708,2731,4068,3640,2713,6262,51,0,0,238991,0,50,23862,6708,2731,4068,3640,2713,6262,51,0,0,387570,0,50,96351,6166,32980,56436,112958,254636,86952,51,0,0,387570,0,69,96351,6166,32980,56436,112958,254636,86952,51,0,0,387570,0,-2048,96351,6166,32980,56436,112958,254636,86952,51,0,0,387570,0,569,96351,6166,32980,56436,112958,254636,86952,51,0
3,0,238991,0,49,23862,6708,2731,4068,3640,2713,6262,51,0,0,238991,0,45,23862,6708,2731,4068,3640,2713,6262,51,0,0,238991,0,44,23862,6708,2731,4068,3640,2713,6262,51,0,0,238991,0,51,23862,6708,2731,4068,3640,2713,6262,51,0,0,238991,0,50,23862,6708,2731,4068,3640,2713,6262,51,0,0,387570,0,50,96351,6166,32980,56436,112958,254636,86952,51,0,0,387570,0,69,96351,6166,32980,56436,112958,254636,86952,51,0,0,387570,0,-2048,96351,6166,32980,56436,112958,254636,86952,51,0,0,387570,0,569,96351,6166,32980,56436,112958,254636,86952,51,0,0,387570,0,144,96351,6166,32980,56436,112958,254636,86952,51,0
3,0,238991,0,45,23862,6708,2731,4068,3640,2713,6262,51,0,0,238991,0,44,23862,6708,2731,4068,3640,2713,6262,51,0,0,238991,0,51,23862,6708,2731,4068,3640,2713,6262,51,0,0,238991,0,50,23862,6708,2731,4068,3640,2713,6262,51,0,0,387570,0,50,96351,6166,32980,56436,112958,254636,86952,51,0,0,387570,0,69,96351,6166,32980,56436,112958,254636,86952,51,0,0,387570,0,-2048,96351,6166,32980,56436,112958,254636,86952,51,0,0,387570,0,569,96351,6166,32980,56436,112958,254636,86952,51,0,0,387570,0,144,96351,6166,32980,56436,112958,254636,86952,51,0,0,387570,0,57,96351,6166,32980,56436,112958,254636,86952,51,0
3,0,238991,0,44,23862,6708,2731,4068,3640,2713,6262,51,0,0,238991,0,51,23862,6708,2731,4068,3640,2713,6262,51,0,0,238991,0,50,23862,6708,2731,4068,3640,2713,6262,51,0,0,387570,0,50,96351,6166,32980,56436,112958,254636,86952,51,0,0,387570,0,69,96351,6166,32980,56436,112958,254636,86952,51,0,0,387570,0,-2048,96351,6166,32980,56436,112958,254636,86952,51,0,0,387570,0,569,96351,6166,32980,56436,112958,254636,86952,51,0,0,387570,0,144,96351,6166,32980,56436,112958,254636,86952,51,0,0,387570,0,57,96351,6166,32980,56436,112958,254636,86952,51,0,0,387570,0,48,96351,6166,32980,56436,112958,254636,86952,51,0
3,0,238991,0,51,23862,6708,2731,4068,3640,2713,6262,51,0,0,238991,0,50,23862,6708,2731,4068,3640,2713,6262,51,0,0,387570,0,50,96351,6166,32980,56436,112958,254636,86952,51,0,0,387570,0,69,96351,6166,32980,56436,112958,254636,86952,51,0,0,387570,0,-2048,96351,6166,32980,56436,112958,254636,86952,51,0,0,387570,0,569,96351,6166,32980,56436,112958,254636,86952,51,0,0,387570,0,144,96351,6166,32980,56436,112958,254636,86952,51,0,0,387570,0,57,96351,6166,32980,56436,112958,254636,86952,51,0,0,387570,0,48,96351,6166,32980,56436,112958,254636,86952,51,0,0,387570,0,44,96351,6166,32980,56436,112958,254636,86952,51,0
3,0,238991,0,50,23862,6708,2731,4068,3640,2713,6262,51,0,0,387570,0,50,96351,6166,32980,56436,112958,254636,86952,51,0,0,387570,0,69,96351,6166,32980,56436,112958,254636,86952,51,0,0,387570,0,-2048,96351,6166,32980,56436,112958,254636,86952,51,0,0,387570,0,569,96351,6166,32980,56436,112958,254636,86952,51,0,0,387570,0,144,96351,6166,32980,56436,112958,254636,86952,51,0,0,387570,0,57,96351,6166,32980,56436,112958,254636,86952,51,0,0,387570,0,48,96351,6166,32980,56436,112958,254636,86952,51,0,0,387570,0,44,96351,6166,32980,56436,112958,254636,86952,51,0,0,387570,0,48,96351,6166,32980,56436,112958,254636,86952,51,0
3,0,387570,0,50,96351,6166,32980,56436,112958,254636,86952,51,0,0,387570,0,69,96351,6166,32980,56436,112958,254636,86952,51,0,0,387570,0,-2048,96351,6166,32980,56436,112958,254636,86952,51,0,0,387570,0,569,96351,6166,32980,56436,112958,254636,86952,51,0,0,387570,0,144,96351,6166,32980,56436,112958,254636,86952,51,0,0,387570,0,57,96351,6166,32980,56436,112958,254636,86952,51,0,0,387570,0,48,96351,6166,32980,56436,112958,254636,86952,51,0,0,387570,0,44,96351,6166,32980,56436,112958,254636,86952,51,0,0,387570,0,48,96351,6166,32980,56436,112958,254636,86952,51,0,0,387570,0,-1608,96351,6166,32980,56436,112958,254636,86952,51,0
3,0,387570,0,69,96351,6166,32980,56436,112958,254636,86952,51,0,0,387570,0,-2048,96351,6166,32980,56436,112958,254636,86952,51,0,0,387570,0,569,96351,6166,32980,56436,112958,254636,86952,51,0,0,387570,0,144,96351,6166,32980,56436,112958,254636,86952,51,0,0,387570,0,57,96351,6166,32980,56436,112958,254636,86952,51,0,0,387570,0,48,96351,6166,32980,56436,112958,254636,86952,51,0,0,387570,0,44,96351,6166,32980,56436,112958,254636,86952,51,0,0,387570,0,48,96351,6166,32980,56436,112958,254636,86952,51,0,0,387570,0,-1608,96351,6166,32980,56436,112958,254636,86952,51,0,0,712445,0,-381,375820,66320,247641,199128,146243,131680,86102,51,0
3,0,387570,0,-2048,96351,6166,32980,56436,112958,254636,86952,51,0,0,387570,0,569,96351,6166,32980,56436,112958,254636,86952,51,0,0,387570,0,144,96351,6166,32980,56436,112958,254636,86952,51,0,0,387570,0,57,96351,6166,32980,56436,112958,254636,86952,51,0,0,387570,0,48,96351,6166,32980,56436,112958,254636,86952,51,0,0,387570,0,44,96351,6166,32980,56436,112958,254636,86952,51,0,0,387570,0,48,96351,6166,32980,56436,112958,254636,86952,51,0,0,387570,0,-1608,96351,6166,32980,56436,112958,254636,86952,51,0,0,712445,0,-381,375820,66320,247641,199128,146243,131680,86102,51,0,0,712445,0,1194,375820,66320,247641,199128,146243,131680,86102,51,0
3,0,387570,0,569,96351,6166,32980,56436,112958,254636,86952,51,0,0,387570,0,144,96351,6166,32980,56436,112958,254636,86952,51,0,0,387570,0,57,96351,6166,32980,56436,112958,254636,86952,51,0,0,387570,0,48,96351,6166,32980,56436,112958,254636,86952,51,0,0,387570,0,44,96351,6166,32980,56436,112958,254636,86952,51,0,0,387570,0,48,96351,6166,32980,56436,112958,254636,86952,51,0,0,387570,0,-1608,96351,6166,32980,56436,112958,254636,86952,51,0,0,712445,0,-381,375820,66320,247641,199128,146243,131680,86102,51,0,0,712445,0,1194,375820,66320,247641,199128,146243,131680,86102,51,0,0,712445,0,172,375820,66320,247641,199128,146243,131680,86102,51,0
3,0,387570,0,144,96351,6166,32980,56436,112958,254636,86952,51,0,0,387570,0,57,96351,6166,32980,56436,112958,254636,86952,51,0,0,387570,0,48,96351,6166,32980,56436,112958,254636,86952,51,0,0,387570,0,44,96351,6166,32980,56436,112958,254636,86952,51,0,0,387570,0,48,96351,6166,32980,56436,112958,254636,86952,51,0,0,387570,0,-1608,96351,6166,32980,56436,112958,254636,86952,51,0,0,712445,0,-381,375820,66320,247641,199128,146243,131680,86102,51,0,0,712445,0,1194,375820,66320,247641,199128,146243,131680,86102,51,0,0,712445,0,172,375820,66320,247641,199128,146243,131680,86102,51,0,0,712445,0,82,375820,66320,247641,199128,146243,131680,86102,51,0
3,0,387570,0,57,96351,6166,32980,56436,112958,254636,86952,51,0,0,387570,0,48,96351,6166,32980,56436,112958,254636,86952,51,0,0,387570,0,44,96351,6166,32980,56436,112958,254636,86952,51,0,0,387570,0,48,96351,6166,32980,56436,112958,254636,86952,51,0,0,387570,0,-1608,96351,6166,32980,56436,112958,254636,86952,51,0,0,712445,0,-381,375820,66320,247641,199128,146243,131680,86102,51,0,0,712445,0,1194,375820,66320,247641,199128,146243,131680,86102,51,0,0,712445,0,172,375820,66320,247641,199128,146243,131680,86102,51,0,0,712445,0,82,375820,66320,247641,199128,146243,131680,86102,51,0,0,712445,0,1494,375820,66320,247641,199128,146243,131680,86102,51,0
3,0,387570,0,48,96351,6166,32980,56436,112958,254636,86952,51,0,0,387570,0,44,96351,6166,32980,56436,112958,254636,86952,51,0,0,387570,0,48,96351,6166,32980,56436,112958,254636,86952,51,0,0,387570,0,-1608,96351,6166,32980,56436,112958,254636,86952,51,0,0,712445,0,-381,375820,66320,247641,199128,146243,131680,86102,51,0,0,712445,0,1194,375820,66320,247641,199128,146243,131680,86102,51,0,0,712445,0,172,375820,66320,247641,199128,146243,131680,86102,51,0,0,712445,0,82,375820,66320,247641,199128,146243,131680,86102,51,0,0,712445,0,1494,375820,66320,247641,199128,146243,131680,86102,51,0,0,712445,0,269,375820,66320,247641,199128,146243,131680,86102,51,0
3,0,387570,0,44,96351,6166,32980,56436,112958,254636,86952,51,0,0,387570,0,48,96351,6166,32980,56436,112958,254636,86952,51,0,0,387570,0,-1608,96351,6166,32980,56436,112958,254636,86952,51,0,0,712445,0,-381,375820,66320,247641,199128,146243,131680,86102,51,0,0,712445,0,1194,375820,66320,247641,199128,146243,131680,86102,51,0,0,712445,0,172,375820,66320,247641,199128,146243,131680,86102,51,0,0,712445,0,82,375820,66320,247641,199128,146243,131680,86102,51,0,0,712445,0,1494,375820,66320,247641,199128,146243,131680,86102,51,0,0,712445,0,269,375820,66320,247641,199128,146243,131680,86102,51,0,0,712445,0,80,375820,66320,247641,199128,146243,131680,86102,51,0
3,0,387570,0,48,96351,6166,32980,56436,112958,254636,86952,51,0,0,387570,0,-1608,96351,6166,32980,56436,112958,254636,86952,51,0,0,712445,0,-381,375820,66320,247641,199128,146243,131680,86102,51,0,0,712445,0,1194,375820,66320,247641,199128,146243,131680,86102,51,0,0,712445,0,172,375820,66320,247641,199128,146243,131680,86102,51,0,0,712445,0,82,375820,66320,247641,199128,146243,131680,86102,51,0,0,712445,0,1494,375820,66320,247641,199128,146243,131680,86102,51,0,0,712445,0,269,375820,66320,247641,199128,146243,131680,86102,51,0,0,712445,0,80,375820,66320,247641,199128,146243,131680,86102,51,0,0,712445,0,51,375820,66320,247641,199128,146243,131680,86102,51,0
3,0,387570,0,-1608,96351,6166,32980,56436,112958,254636,86952,51,0,0,712445,0,-381,375820,66320,247641,199128,146243,131680,86102,51,0,0,712445,0,1194,375820,66320,247641,199128,146243,131680,86102,51,0,0,712445,0,172,375820,66320,247641,199128,146243,131680,86102,51,0,0,712445,0,82,375820,66320,247641,199128,146243,131680,86102,51,0,0,712445,0,1494,375820,66320,247641,199128,146243,131680,86102,51,0,0,712445,0,269,375820,66320,247641,199128,146243,131680,86102,51,0,0,712445,0,80,375820,66320,247641,199128,146243,131680,86102,51,0,0,712445,0,51,375820,66320,247641,199128,146243,131680,86102,51,0,0,712445,0,44,375820,66320,247641,199128,146243,131680,86102,51,0
3,0,712445,0,-381,375820,66320,247641,199128,146243,131680,86102,51,0,0,712445,0,1194,375820,66320,247641,199128,146243,131680,86102,51,0,0,712445,0,172,375820,66320,247641,199128,146243,131680,86102,51,0,0,712445,0,82,375820,66320,247641,199128,146243,131680,86102,51,0,0,712445,0,1494,375820,66320,247641,199128,146243,131680,86102,51,0,0,712445,0,269,375820,66320,247641,199128,146243,131680,86102,51,0,0,712445,0,80,375820,66320,247641,199128,146243,131680,86102,51,0,0,712445,0,51,375820,66320,247641,199128,146243,131680,86102,51,0,0,712445,0,44,375820,66320,247641,199128,146243,131680,86102,51,0,0,712445,0,44,375820,66320,247641,199128,146243,131680,86102,51,0
3,0,712445,0,1194,375820,66320,247641,199128,146243,131680,86102,51,0,0,712445,0,172,375820,66320,247641,199128,146243,131680,86102,51,0,0,712445,0,82,375820,66320,247641,199128,146243,131680,86102,51,0,0,712445,0,1494,375820,66320,247641,199128,146243,131680,86102,51,0,0,712445,0,269,375820,66320,247641,199128,146243,131680,86102,51,0,0,712445,0,80,375820,66320,247641,199128,146243,131680,86102,51,0,0,712445,0,51,375820,66320,247641,199128,146243,131680,86102,51,0,0,712445,0,44,375820,66320,247641,199128,146243,131680,86102,51,0,0,712445,0,44,375820,66320,247641,199128,146243,131680,86102,51,0,0,64683,0,48,3347,8490,7571,3697,2599,3556,8079,51,0
3,0,712445,0,172,375820,66320,247641,199128,146243,131680,86102,51,0,0,712445,0,82,375820,66320,247641,199128,146243,131680,86102,51,0,0,712445,0,1494,375820,66320,247641,199128,146243,131680,86102,51,0,0,712445,0,269,375820,66320,247641,199128,146243,131680,86102,51,0,0,712445,0,80,375820,66320,247641,199128,146243,131680,86102,51,0,0,712445,0,51,375820,66320,247641,199128,146243,131680,86102,51,0,0,712445,0,44,375820,66320,247641,199128,146243,131680,86102,51,0,0,712445,0,44,375820,66320,247641,199128,146243,131680,86102,51,0,0,64683,0,48,3347,8490,7571,3697,2599,3556,8079,51,0,0,64683,0,-1427,3347,8490,7571,3697,2599,3556,8079,51,0
3,0,712445,0,82,375820,66320,247641,199128,146243,131680,86102,51,0,0,712445,0,1494,375820,66320,247641,199128,146243,131680,86102,51,0,0,712445,0,269,375820,66320,247641,199128,146243,131680,86102,51,0,0,712445,0,80,375820,66320,247641,199128,146243,131680,86102,51,0,0,712445,0,51,375820,66320,247641,199128,146243,131680,86102,51,0,0,712445,0,44,375820,66320,247641,199128,146243,131680,86102,51,0,0,712445,0,44,375820,66320,247641,199128,146243,131680,86102,51,0,0,64683,0,48,3347,8490,7571,3697,2599,3556,8079,51,0,0,64683,0,-1427,3347,8490,7571,3697,2599,3556,8079,51,0,0,64683,0,1641,3347,8490,7571,3697,2599,3556,8079,51,0
3,0,712445,0,1494,375820,66320,247641,199128,146243,131680,86102,51,0,0,712445,0,269,375820,66320,247641,199128,146243,131680,86102,51,0,0,712445,0,80,375820,66320,247641,199128,146243,131680,86102,51,0,0,712445,0,51,375820,66320,247641,199128,146243,131680,86102,51,0,0,712445,0,44,375820,66320,247641,199128,146243,131680,86102,51,0,0,712445,0,44,375820,66320,247641,199128,146243,131680,86102,51,0,0,64683,0,48,3347,8490,7571,3697,2599,3556,8079,51,0,0,64683,0,-1427,3347,8490,7571,3697,2599,3556,8079,51,0,0,64683,0,1641,3347,8490,7571,3697,2599,3556,8079,51,0,0,64683,0,293,3347,8490,7571,3697,2599,3556,8079,51,0
3,0,712445,0,269,375820,66320,247641,199128,146243,131680,86102,51,0,0,712445,0,80,375820,66320,247641,199128,146243,131680,86102,51,0,0,712445,0,51,375820,66320,247641,199128,146243,131680,86102,51,0,0,712445,0,44,375820,66320,247641,199128,146243,131680,86102,51,0,0,712445,0,44,375820,66320,247641,199128,146243,131680,86102,51,0,0,64683,0,48,3347,8490,7571,3697,2599,3556,8079,51,0,0,64683,0,-1427,3347,8490,7571,3697,2599,3556,8079,51,0,0,64683,0,1641,3347,8490,7571,3697,2599,3556,8079,51,0,0,64683,0,293,3347,8490,7571,3697,2599,3556,8079,51,0,0,64683,0,83,3347,8490,7571,3697,2599,3556,8079,51,0
3,0,712445,0,80,375820,66320,247641,199128,146243,131680,86102,51,0,0,712445,0,51,375820,66320,247641,199128,146243,131680,86102,51,0,0,712445,0,44,375820,66320,247641,199128,146243,131680,86102,51,0,0,712445,0,44,375820,66320,247641,199128,146243,131680,86102,51,0,0,64683,0,48,3347,8490,7571,3697,2599,3556,8079,51,0,0,64683,0,-1427,3347,8490,7571,3697,2599,3556,8079,51,0,0,64683,0,1641,3347,8490,7571,3697,2599,3556,8079,51,0,0,64683,0,293,3347,8490,7571,3697,2599,3556,8079,51,0,0,64683,0,83,3347,8490,7571,3697,2599,3556,8079,51,0,0,64683,0,1491,3347,8490,7571,3697,2599,3556,8079,51,0
3,0,712445,0,51,375820,66320,247641,199128,146243,131680,86102,51,0,0,712445,0,44,375820,66320,247641,199128,146243,131680,86102,51,0,0,712445,0,44,375820,66320,247641,199128,146243,131680,86102,51,0,0,64683,0,48,3347,8490,7571,3697,2599,3556,8079,51,0,0,64683,0,-1427,3347,8490,7571,3697,2599,3556,8079,51,0,0,64683,0,1641,3347,8490,7571,3697,2599,3556,8079,51,0,0,64683,0,293,3347,8490,7571,3697,2599,3556,8079,51,0,0,64683,0,83,3347,8490,7571,3697,2599,3556,8079,51,0,0,64683,0,1491,3347,8490,7571,3697,2599,3556,8079,51,0,0,64683,0,268,3347,8490,7571,3697,2599,3556,8079,51,0
3,0,712445,0,44,375820,66320,247641,199128,146243,131680,86102,51,0,0,712445,0,44,375820,66320,247641,199128,146243,131680,86102,51,0,0,64683,0,48,3347,8490,7571,3697,2599,3556,8079,51,0,0,64683,0,-1427,3347,8490,7571,3697,2599,3556,8079,51,0,0,64683,0,1641,3347,8490,7571,3697,2599,3556,8079,51,0,0,64683,0,293,3347,8490,7571,3697,2599,3556,8079,51,0,0,64683,0,83,3347,8490,7571,3697,2599,3556,8079,51,0,0,64683,0,1491,3347,8490,7571,3697,2599,3556,8079,51,0,0,64683,0,268,3347,8490,7571,3697,2599,3556,8079,51,0,0,64683,0,81,3347,8490,7571,3697,2599,3556,8079,51,0
3,0,712445,0,44,375820,66320,247641,199128,146243,131680,86102,51,0,0,64683,0,48,3347,8490,7571,3697,2599,3556,8079,51,0,0,64683,0,-1427,3347,8490,7571,3697,2599,3556,8079,51,0,0,64683,0,1641,3347,8490,7571,3697,2599,3556,8079,51,0,0,64683,0,293,3347,8490,7571,3697,2599,3556,8079,51,0,0,64683,0,83,3347,8490,7571,3697,2599,3556,8079,51,0,0,64683,0,1491,3347,8490,7571,3697,2599,3556,8079,51,0,0,64683,0,268,3347,8490,7571,3697,2599,3556,8079,51,0,0,64683,0,81,3347,8490,7571,3697,2599,3556,8079,51,0,0,64683,0,50,3347,8490,7571,3697,2599,3556,8079,51,0
3,0,64683,0,48,3347,8490,7571,3697,2599,3556,8079,51,0,0,64683,0,-1427,3347,8490,7571,3697,2599,3556,8079,51,0,0,64683,0,1641,3347,8490,7571,3697,2599,3556,8079,51,0,0,64683,0,293,3347,8490,7571,3697,2599,3556,8079,51,0,0,64683,0,83,3347,8490,7571,3697,2599,3556,8079,51,0,0,64683,0,1491,3347,8490,7571,3697,2599,3556,8079,51,0,0,64683,0,268,3347,8490,7571,3697,2599,3556,8079,51,0,0,64683,0,81,3347,8490,7571,3697,2599,3556,8079,51,0,0,64683,0,50,3347,8490,7571,3697,2599,3556,8079,51,0,0,64683,0,44,3347,8490,7571,3697,2599,3556,8079,51,0
3,0,64683,0,-1427,3347,8490,7571,3697,2599,3556,8079,51,0,0,64683,0,1641,3347,8490,7571,3697,2599,3556,8079,51,0,0,64683,0,293,3347,8490,7571,3697,2599,3556,8079,51,0,0,64683,0,83,3347,8490,7571,3697,2599,3556,8079,51,0,0,64683,0,1491,3347,8490,7571,3697,2599,3556,8079,51,0,0,64683,0,268,3347,8490,7571,3697,2599,3556,8079,51,0,0,64683,0,81,3347,8490,7571,3697,2599,3556,8079,51,0,0,64683,0,50,3347,8490,7571,3697,2599,3556,8079,51,0,0,64683,0,44,3347,8490,7571,3697,2599,3556,8079,51,0,0,580543,0,45,48511,18798,25027,13640,6363,21589,22954,51,0
3,0,64683,0,1641,3347,8490,7571,3697,2599,3556,8079,51,0,0,64683,0,293,3347,8490,7571,3697,2599,3556,8079,51,0,0,64683,0,83,3347,8490,7571,3697,2599,3556,8079,51,0,0,64683,0,1491,3347,8490,7571,3697,2599,3556,8079,51,0,0,64683,0,268,3347,8490,7571,3697,2599,3556,8079,51,0,0,64683,0,81,3347,8490,7571,3697,2599,3556,8079,51,0,0,64683,0,50,3347,8490,7571,3697,2599,3556,8079,51,0,0,64683,0,44,3347,8490,7571,3697,2599,3556,8079,51,0,0,580543,0,45,48511,18798,25027,13640,6363,21589,22954,51,0,0,580543,0,49,48511,18798,25027,13640,6363,21589,22954,51,0
3,0,64683,0,293,3347,8490,7571,3697,2599,3556,8079,51,0,0,64683,0,83,3347,8490,7571,3697,2599,3556,8079,51,0,0,64683,0,1491,3347,8490,7571,3697,2599,3556,8079,51,0,0,64683,0,268,3347,8490,7571,3697,2599,3556,8079,51,0,0,64683,0,81,3347,8490,7571,3697,2599,3556,8079,51,0,0,64683,0,50,3347,8490,7571,3697,2599,3556,8079,51,0,0,64683,0,44,3347,8490,7571,3697,2599,3556,8079,51,0,0,580543,0,45,48511,18798,25027,13640,6363,21589,22954,51,0,0,580543,0,49,48511,18798,25027,13640,6363,21589,22954,51,0,0,580543,0,-1865,48511,18798,25027,13640,6363,21589,22954,51,0
3,0,64683,0,83,3347,8490,7571,3697,2599,3556,8079,51,0,0,64683,0,1491,3347,8490,7571,3697,2599,3556,8079,51,0,0,64683,0,268,3347,8490,7571,3697,2599,3556,8079,51,0,0,64683,0,81,3347,8490,7571,3697,2599,3556,8079,51,0,0,64683,0,50,3347,8490,7571,3697,2599,3556,8079,51,0,0,64683,0,44,3347,8490,7571,3697,2599,3556,8079,51,0,0,580543,0,45,48511,18798,25027,13640,6363,21589,22954,51,0,0,580543,0,49,48511,18798,25027,13640,6363,21589,22954,51,0,0,580543,0,-1865,48511,18798,25027,13640,6363,21589,22954,51,0,0,580543,0,2047,48511,18798,25027,13640,6363,21589,22954,51,0
3,0,64683,0,1491,3347,8490,7571,3697,2599,3556,8079,51,0,0,64683,0,268,3347,8490,7571,3697,2599,3556,8079,51,0,0,64683,0,81,3347,8490,7571,3697,2599,3556,8079,51,0,0,64683,0,50,3347,8490,7571,3697,2599,3556,8079,51,0,0,64683,0,44,3347,8490,7571,3697,2599,3556,8079,51,0,0,580543,0,45,48511,18798,25027,13640,6363,21589,22954,51,0,0,580543,0,49,48511,18798,25027,13640,6363,21589,22954,51,0,0,580543,0,-1865,48511,18798,25027,13640,6363,21589,22954,51,0,0,580543,0,2047,48511,18798,25027,13640,6363,21589,22954,51,0,0,580543,0,1130,48511,18798,25027,13640,6363,21589,22954,51,0
3,0,64683,0,268,3347,8490,7571,3697,2599,3556,8079,51,0,0,64683,0,81,3347,8490,7571,3697,2599,3556,8079,51,0,0,64683,0,50,3347,8490,7571,3697,2599,3556,8079,51,0,0,64683,0,44,3347,8490,7571,3697,2599,3556,8079,51,0,0,580543,0,45,48511,18798,25027,13640,6363,21589,22954,51,0,0,580543,0,49,48511,18798,25027,13640,6363,21589,22954,51,0,0,580543,0,-1865,48511,18798,25027,13640,6363,21589,22954,51,0,0,580543,0,2047,48511,18798,25027,13640,6363,21589,22954,51,0,0,580543,0,1130,48511,18798,25027,13640,6363,21589,22954,51,0,0,580543,0,327,48511,18798,25027,13640,6363,21589,22954,51,0
3,0,64683,0,81,3347,8490,7571,3697,2599,3556,8079,51,0,0,64683,0,50,3347,8490,7571,3697,2599,3556,8079,51,0,0,64683,0,44,3347,8490,7571,3697,2599,3556,8079,51,0,0,580543,0,45,48511,18798,25027,13640,6363,21589,22954,51,0,0,580543,0,49,48511,18798,25027,13640,6363,21589,22954,51,0,0,580543,0,-1865,48511,18798,25027,13640,6363,21589,22954,51,0,0,580543,0,2047,48511,18798,25027,13640,6363,21589,22954,51,0,0,580543,0,1130,48511,18798,25027,13640,6363,21589,22954,51,0,0,580543,0,327,48511,18798,25027,13640,6363,21589,22954,51,0,0,580543,0,2047,48511,18798,25027,13640,6363,21589,22954,51,0
3,0,64683,0,50,3347,8490,7571,3697,2599,3556,8079,51,0,0,64683,0,44,3347,8490,7571,3697,2599,3556,8079,51,0,0,580543,0,45,48511,18798,25027,13640,6363,21589,22954,51,0,0,580543,0,49,48511,18798,25027,13640,6363,21589,22954,51,0,0,580543,0,-1865,48511,18798,25027,13640,6363,21589,22954,51,0,0,580543,0,2047,48511,18798,25027,13640,6363,21589,22954,51,0,0,580543,0,1130,48511,18798,25027,13640,6363,21589,22954,51,0,0,580543,0,327,48511,18798,25027,13640,6363,21589,22954,51,0,0,580543,0,2047,48511,18798,25027,13640,6363,21589,22954,51,0,0,580543,0,405,48511,18798,25027,13640,6363,21589,22954,51,0
3,0,64683,0,44,3347,8490,7571,3697,2599,3556,8079,51,0,0,580543,0,45,48511,18798,25027,13640,6363,21589,22954,51,0,0,580543,0,49,48511,18798,25027,13640,6363,21589,22954,51,0,0,580543,0,-1865,48511,18798,25027,13640,6363,21589,22954,51,0,0,580543,0,2047,48511,18798,25027,13640,6363,21589,22954,51,0,0,580543,0,1130,48511,18798,25027,13640,6363,21589,22954,51,0,0,580543,0,327,48511,18798,25027,13640,6363,21589,22954,51,0,0,580543,0,2047,48511,18798,25027,13640,6363,21589,22954,51,0,0,580543,0,405,48511,18798,25027,13640,6363,21589,22954,51,0,0,580543,0,83,48511,18798,25027,13640,6363,21589,22954,51,0
3,0,580543,0,45,48511,18798,25027,13640,6363,21589,22954,51,0,0,580543,0,49,48511,18798,25027,13640,6363,21589,22954,51,0,0,580543,0,-1865,48511,18798,25027,13640,6363,21589,22954,51,0,0,580543,0,2047,48511,18798,25027,13640,6363,21589,22954,51,0,0,580543,0,1130,48511,18798,25027,13640,6363,21589,22954,51,0,0,580543,0,327,48511,18798,25027,13640,6363,21589,22954,51,0,0,580543,0,2047,48511,18798,25027,13640,6363,21589,22954,51,0,0,580543,0,405,48511,18798,25027,13640,6363,21589,22954,51,0,0,580543,0,83,48511,18798,25027,13640,6363,21589,22954,51,0,0,580543,0,51,48511,18798,25027,13640,6363,21589,22954,51,0
3,0,580543,0,49,48511,18798,25027,13640,6363,21589,22954,51,0,0,580543,0,-1865,48511,18798,25027,13640,6363,21589,22954,51,0,0,580543,0,2047,48511,18798,25027,13640,6363,21589,22954,51,0,0,580543,0,1130,48511,18798,25027,13640,6363,21589,22954,51,0,0,580543,0,327,48511,18798,25027,13640,6363,21589,22954,51,0,0,580543,0,2047,48511,18798,25027,13640,6363,21589,22954,51,0,0,580543,0,405,48511,18798,25027,13640,6363,21589,22954,51,0,0,580543,0,83,48511,18798,25027,13640,6363,21589,22954,51,0,0,580543,0,51,48511,18798,25027,13640,6363,21589,22954,51,0,0,1171511,0,48,143644,787262,618835,153267,394401,336102,277962,51,0
3,0,580543,0,-1865,48511,18798,25027,13640,6363,21589,22954,51,0,0,580543,0,2047,48511,18798,25027,13640,6363,21589,22954,51,0,0,580543,0,1130,48511,18798,25027,13640,6363,21589,22954,51,0,0,580543,0,327,48511,18798,25027,13640,6363,21589,22954,51,0,0,580543,0,2047,48511,18798,25027,13640,6363,21589,22954,51,0,0,580543,0,405,48511,18798,25027,13640,6363,21589,22954,51,0,0,580543,0,83,48511,18798,25027,13640,6363,21589,22954,51,0,0,580543,0,51,48511,18798,25027,13640,6363,21589,22954,51,0,0,1171511,0,48,143644,787262,618835,153267,394401,336102,277962,51,0,0,1171511,0,44,143644,787262,618835,153267,394401,336102,277962,51,0
3,0,580543,0,2047,48511,18798,25027,13640,6363,21589,22954,51,0,0,580543,0,1130,48511,18798,25027,13640,6363,21589,22954,51,0,0,580543,0,327,48511,18798,25027,13640,6363,21589,22954,51,0,0,580543,0,2047,48511,18798,25027,13640,6363,21589,22954,51,0,0,580543,0,405,48511,18798,25027,13640,6363,21589,22954,51,0,0,580543,0,83,48511,18798,25027,13640,6363,21589,22954,51,0,0,580543,0,51,48511,18798,25027,13640,6363,21589,22954,51,0,0,1171511,0,48,143644,787262,618835,153267,394401,336102,277962,51,0,0,1171511,0,44,143644,787262,618835,153267,394401,336102,277962,51,0,0,1171511,0,48,143644,787262,618835,153267,394401,336102,277962,51,0
3,0,580543,0,1130,48511,18798,25027,13640,6363,21589,22954,51,0,0,580543,0,327,48511,18798,25027,13640,6363,21589,22954,51,0,0,580543,0,2047,48511,18798,25027,13640,6363,21589,22954,51,0,0,580543,0,405,48511,18798,25027,13640,6363,21589,22954,51,0,0,580543,0,83,48511,18798,25027,13640,6363,21589,22954,51,0,0,580543,0,51,48511,18798,25027,13640,6363,21589,22954,51,0,0,1171511,0,48,143644,787262,618835,153267,394401,336102,277962,51,0,0,1171511,0,44,143644,787262,618835,153267,394401,336102,277962,51,0,0,1171511,0,48,143644,787262,618835,153267,394401,336102,277962,51,0,0,1171511,0,-2048,143644,787262,618835,153267,394401,336102,277962,51,0
3,0,580543,0,327,48511,18798,25027,13640,6363,21589,22954,51,0,0,580543,0,2047,48511,18798,25027,13640,6363,21589,22954,51,0,0,580543,0,405,48511,18798,25027,13640,6363,21589,22954,51,0,0,580543,0,83,48511,18798,25027,13640,6363,21589,22954,51,0,0,580543,0,51,48511,18798,25027,13640,6363,21589,22954,51,0,0,1171511,0,48,143644,787262,618835,153267,394401,336102,277962,51,0,0,1171511,0,44,143644,787262,618835,153267,394401,336102,277962,51,0,0,1171511,0,48,143644,787262,618835,153267,394401,336102,277962,51,0,0,1171511,0,-2048,143644,787262,618835,153267,394401,336102,277962,51,0,0,1171511,0,1414,143644,787262,618835,153267,394401,336102,277962,51,0
3,0,580543,0,2047,48511,18798,25027,13640,6363,21589,22954,51,0,0,580543,0,405,48511,18798,25027,13640,6363,21589,22954,51,0,0,580543,0,83,48511,18798,25027,13640,6363,21589,22954,51,0,0,580543,0,51,48511,18798,25027,13640,6363,21589,22954,51,0,0,1171511,0,48,143644,787262,618835,153267,394401,336102,277962,51,0,0,1171511,0,44,143644,787262,618835,153267,394401,336102,277962,51,0,0,1171511,0,48,143644,787262,618835,153267,394401,336102,277962,51,0,0,1171511,0,-2048,143644,787262,618835,153267,394401,336102,277962,51,0,0,1171511,0,1414,143644,787262,618835,153267,394401,336102,277962,51,0,0,1171511,0,994,143644,787262,618835,153267,394401,336102,277962,51,0
3,0,580543,0,405,48511,18798,25027,13640,6363,21589,22954,51,0,0,580543,0,83,48511,18798,25027,13640,6363,21589,22954,51,0,0,580543,0,51,48511,18798,25027,13640,6363,21589,22954,51,0,0,1171511,0,48,143644,787262,618835,153267,394401,336102,277962,51,0,0,1171511,0,44,143644,787262,618835,153267,394401,336102,277962,51,0,0,1171511,0,48,143644,787262,618835,153267,394401,336102,277962,51,0,0,1171511,0,-2048,143644,787262,618835,153267,394401,336102,277962,51,0,0,1171511,0,1414,143644,787262,618835,153267,394401,336102,277962,51,0,0,1171511,0,994,143644,787262,618835,153267,394401,336102,277962,51,0,0,1171511,0,193,143644,787262,618835,153267,394401,336102,277962,51,0
3,0,580543,0,83,48511,18798,25027,13640,6363,21589,22954,51,0,0,580543,0,51,48511,18798,25027,13640,6363,21589,22954,51,0,0,1171511,0,48,143644,787262,618835,153267,394401,336102,277962,51,0,0,1171511,0,44,143644,787262,618835,153267,394401,336102,277962,51,0,0,1171511,0,48,143644,787262,618835,153267,394401,336102,277962,51,0,0,1171511,0,-2048,143644,787262,618835,153267,394401,336102,277962,51,0,0,1171511,0,1414,143644,787262,618835,153267,394401,336102,277962,51,0,0,1171511,0,994,143644,787262,618835,153267,394401,336102,277962,51,0,0,1171511,0,193,143644,787262,618835,153267,394401,336102,277962,51,0,0,1171511,0,72,143644,787262,618835,153267,394401,336102,277962,51,0
3,0,580543,0,51,48511,18798,25027,13640,6363,21589,22954,51,0,0,1171511,0,48,143644,787262,618835,153267,394401,336102,277962,51,0,0,1171511,0,44,143644,787262,618835,153267,394401,336102,277962,51,0,0,1171511,0,48,143644,787262,618835,153267,394401,336102,277962,51,0,0,1171511,0,-2048,143644,787262,618835,153267,394401,336102,277962,51,0,0,1171511,0,1414,143644,787262,618835,153267,394401,336102,277962,51,0,0,1171511,0,994,143644,787262,618835,153267,394401,336102,277962,51,0,0,1171511,0,193,143644,787262,618835,153267,394401,336102,277962,51,0,0,1171511,0,72,143644,787262,618835,153267,394401,336102,277962,51,0,0,1171511,0,1226,143644,787262,618835,153267,394401,336102,277962,51,0
3,0,1171511,0,48,143644,787262,618835,153267,394401,336102,277962,51,0,0,1171511,0,44,143644,787262,618835,153267,394401,336102,277962,51,0,0,1171511,0,48,143644,787262,618835,153267,394401,336102,277962,51,0,0,1171511,0,-2048,143644,787262,618835,153267,394401,336102,277962,51,0,0,1171511,0,1414,143644,787262,618835,153267,394401,336102,277962,51,0,0,1171511,0,994,143644,787262,618835,153267,394401,336102,277962,51,0,0,1171511,0,193,143644,787262,618835,153267,394401,336102,277962,51,0,0,1171511,0,72,143644,787262,618835,153267,394401,336102,277962,51,0,0,1171511,0,1226,143644,787262,618835,153267,394401,336102,277962,51,0,0,1171511,0,170,143644,787262,618835,153267,394401,336102,277962,51,0
3,0,1171511,0,44,143644,787262,618835,153267,394401,336102,277962,51,0,0,1171511,0,48,143644,787262,618835,153267,394401,336102,277962,51,0,0,1171511,0,-2048,143644,787262,618835,153267,394401,336102,277962,51,0,0,1171511,0,1414,143644,787262,618835,153267,394401,336102,277962,51,0,0,1171511,0,994,143644,787262,618835,153267,394401,336102,277962,51,0,0,1171511,0,193,143644,787262,618835,153267,394401,336102,277962,51,0,0,1171511,0,72,143644,787262,618835,153267,394401,336102,277962,51,0,0,1171511,0,1226,143644,787262,618835,153267,394401,336102,277962,51,0,0,1171511,0,170,143644,787262,618835,153267,394401,336102,277962,51,0,0,600206,0,944,528442,389690,311042,582202,316362,282416,275876,51,0
3,0,1171511,0,48,143644,787262,618835,153267,394401,336102,277962,51,0,0,1171511,0,-2048,143644,787262,618835,153267,394401,336102,277962,51,0,0,1171511,0,1414,143644,787262,618835,153267,394401,336102,277962,51,0,0,1171511,0,994,143644,787262,618835,153267,394401,336102,277962,51,0,0,1171511,0,193,143644,787262,618835,153267,394401,336102,277962,51,0,0,1171511,0,72,143644,787262,618835,153267,394401,336102,277962,51,0,0,1171511,0,1226,143644,787262,618835,153267,394401,336102,277962,51,0,0,1171511,0,170,143644,787262,618835,153267,394401,336102,277962,51,0,0,600206,0,944,528442,389690,311042,582202,316362,282416,275876,51,0,0,600206,0,184,528442,389690,311042,582202,316362,282416,275876,51,0
3,0,1171511,0,-2048,143644,787262,618835,153267,394401,336102,277962,51,0,0,1171511,0,1414,143644,787262,618835,153267,394401,336102,277962,51,0,0,1171511,0,994,143644,787262,618835,153267,394401,336102,277962,51,0,0,1171511,0,193,143644,787262,618835,153267,394401,336102,277962,51,0,0,1171511,0,72,143644,787262,618835,153267,394401,336102,277962,51,0,0,1171511,0,1226,143644,787262,618835,153267,394401,336102,277962,51,0,0,1171511,0,170,143644,787262,618835,153267,394401,336102,277962,51,0,0,600206,0,944,528442,389690,311042,582202,316362,282416,275876,51,0,0,600206,0,184,528442,389690,311042,582202,316362,282416,275876,51,0,0,600206,0,73,528442,389690,311042,582202,316362,282416,275876,51,0
3,0,1171511,0,1414,143644,787262,618835,153267,394401,336102,277962,51,0,0,1171511,0,994,143644,787262,618835,153267,394401,336102,277962,51,0,0,1171511,0,193,143644,787262,618835,153267,394401,336102,277962,51,0,0,1171511,0,72,143644,787262,618835,153267,394401,336102,277962,51,0,0,1171511,0,1226,143644,787262,618835,153267,394401,336102,277962,51,0,0,1171511,0,170,143644,787262,618835,153267,394401,336102,277962,51,0,0,600206,0,944,528442,389690,311042,582202,316362,282416,275876,51,0,0,600206,0,184,528442,389690,311042,582202,316362,282416,275876,51,0,0,600206,0,73,528442,389690,311042,582202,316362,282416,275876,51,0,0,600206,0,458,528442,389690,311042,582202,316362,282416,275876,51,0
3,0,1171511,0,994,143644,787262,618835,153267,394401,336102,277962,51,0,0,1171511,0,193,143644,787262,618835,153267,394401,336102,277962,51,0,0,1171511,0,72,143644,787262,618835,153267,394401,336102,277962,51,0,0,1171511,0,1226,143644,787262,618835,153267,394401,336102,277962,51,0,0,1171511,0,170,143644,787262,618835,153267,394401,336102,277962,51,0,0,600206,0,944,528442,389690,311042,582202,316362,282416,275876,51,0,0,600206,0,184,528442,389690,311042,582202,316362,282416,275876,51,0,0,600206,0,73,528442,389690,311042,582202,316362,282416,275876,51,0,0,600206,0,458,528442,389690,311042,582202,316362,282416,275876,51,0,0,600206,0,-2048,528442,389690,311042,582202,316362,282416,275876,51,0
3,0,1171511,0,193,143644,787262,618835,153267,394401,336102,277962,51,0,0,1171511,0,72,143644,787262,618835,153267,394401,336102,277962,51,0,0,1171511,0,1226,143644,787262,618835,153267,394401,336102,277962,51,0,0,1171511,0,170,143644,787262,618835,153267,394401,336102,277962,51,0,0,600206,0,944,528442,389690,311042,582202,316362,282416,275876,51,0,0,600206,0,184,528442,389690,311042,582202,316362,282416,275876,51,0,0,600206,0,73,528442,389690,311042,582202,316362,282416,275876,51,0,0,600206,0,458,528442,389690,311042,582202,316362,282416,275876,51,0,0,600206,0,-2048,528442,389690,311042,582202,316362,282416,275876,51,0,0,600206,0,-283,528442,389690,311042,582202,316362,282416,275876,51,0
3,0,1171511,0,72,143644,787262,618835,153267,394401,336102,277962,51,0,0,1171511,0,1226,143644,787262,618835,153267,394401,336102,277962,51,0,0,1171511,0,170,143644,787262,618835,153267,394401,336102,277962,51,0,0,600206,0,944,528442,389690,311042,582202,316362,282416,275876,51,0,0,600206,0,184,528442,389690,311042,582202,316362,282416,275876,51,0,0,600206,0,73,528442,389690,311042,582202,316362,282416,275876,51,0,0,600206,0,458,528442,389690,311042,582202,316362,282416,275876,51,0,0,600206,0,-2048,528442,389690,311042,582202,316362,282416,275876,51,0,0,600206,0,-283,528442,389690,311042,582202,316362,282416,275876,51,0,0,600206,0,1302,528442,389690,311042,582202,316362,282416,275876,51,0
3,0,1171511,0,1226,143644,787262,618835,153267,394401,336102,277962,51,0,0,1171511,0,170,143644,787262,618835,153267,394401,336102,277962,51,0,0,600206,0,944,528442,389690,311042,582202,316362,282416,275876,51,0,0,600206,0,184,528442,389690,311042,582202,316362,282416,275876,51,0,0,600206,0,73,528442,389690,311042,582202,316362,282416,275876,51,0,0,600206,0,458,528442,389690,311042,582202,316362,282416,275876,51,0,0,600206,0,-2048,528442,389690,311042,582202,316362,282416,275876,51,0,0,600206,0,-283,528442,389690,311042,582202,316362,282416,275876,51,0,0,600206,0,1302,528442,389690,311042,582202,316362,282416,275876,51,0,0,600206,0,-2048,528442,389690,311042,582202,316362,282416,275876,51,0
3,0,1171511,0,170,143644,787262,618835,153267,394401,336102,277962,51,0,0,600206,0,944,528442,389690,311042,582202,316362,282416,275876,51,0,0,600206,0,184,528442,389690,311042,582202,316362,282416,275876,51,0,0,600206,0,73,528442,389690,311042,582202,316362,282416,275876,51,0,0,600206,0,458,528442,389690,311042,582202,316362,282416,275876,51,0,0,600206,0,-2048,528442,389690,311042,582202,316362,282416,275876,51,0,0,600206,0,-283,528442,389690,311042,582202,316362,282416,275876,51,0,0,600206,0,1302,528442,389690,311042,582202,316362,282416,275876,51,0,0,600206,0,-2048,528442,389690,311042,582202,316362,282416,275876,51,0,0,600206,0,377,528442,389690,311042,582202,316362,282416,275876,51,0
3,0,600206,0,944,528442,389690,311042,582202,316362,282416,275876,51,0,0,600206,0,184,528442,389690,311042,582202,316362,282416,275876,51,0,0,600206,0,73,528442,389690,311042,582202,316362,282416,275876,51,0,0,600206,0,458,528442,389690,311042,582202,316362,282416,275876,51,0,0,600206,0,-2048,528442,389690,311042,582202,316362,282416,275876,51,0,0,600206,0,-283,528442,389690,311042,582202,316362,282416,275876,51,0,0,600206,0,1302,528442,389690,311042,582202,316362,282416,275876,51,0,0,600206,0,-2048,528442,389690,311042,582202,316362,282416,275876,51,0,0,600206,0,377,528442,389690,311042,582202,316362,282416,275876,51,0,0,600206,0,1429,528442,389690,311042,582202,316362,282416,275876,51,0
3,0,600206,0,184,528442,389690,311042,582202,316362,282416,275876,51,0,0,600206,0,73,528442,389690,311042,582202,316362,282416,275876,51,0,0,600206,0,458,528442,389690,311042,582202,316362,282416,275876,51,0,0,600206,0,-2048,528442,389690,311042,582202,316362,282416,275876,51,0,0,600206,0,-283,528442,389690,311042,582202,316362,282416,275876,51,0,0,600206,0,1302,528442,389690,311042,582202,316362,282416,275876,51,0,0,600206,0,-2048,528442,389690,311042,582202,316362,282416,275876,51,0,0,600206,0,377,528442,389690,311042,582202,316362,282416,275876,51,0,0,600206,0,1429,528442,389690,311042,582202,316362,282416,275876,51,0,0,798872,0,304,264117,76734,70132,96383,108397,99223,108015,51,0
3,0,600206,0,73,528442,389690,311042,582202,316362,282416,275876,51,0,0,600206,0,458,528442,389690,311042,582202,316362,282416,275876,51,0,0,600206,0,-2048,528442,389690,311042,582202,316362,282416,275876,51,0,0,600206,0,-283,528442,389690,311042,582202,316362,282416,275876,51,0,0,600206,0,1302,528442,389690,311042,582202,316362,282416,275876,51,0,0,600206,0,-2048,528442,389690,311042,582202,316362,282416,275876,51,0,0,600206,0,377,528442,389690,311042,582202,316362,282416,275876,51,0,0,600206,0,1429,528442,389690,311042,582202,316362,282416,275876,51,0,0,798872,0,304,264117,76734,70132,96383,108397,99223,108015,51,0,0,798872,0,129,264117,76734,70132,96383,108397,99223,108015,51,0
3,0,600206,0,458,528442,389690,311042,582202,316362,282416,275876,51,0,0,600206,0,-2048,528442,389690,311042,582202,316362,282416,275876,51,0,0,600206,0,-283,528442,389690,311042,582202,316362,282416,275876,51,0,0,600206,0,1302,528442,389690,311042,582202,316362,282416,275876,51,0,0,600206,0,-2048,528442,389690,311042,582202,316362,282416,275876,51,0,0,600206,0,377,528442,389690,311042,582202,316362,282416,275876,51,0,0,600206,0,1429,528442,389690,311042,582202,316362,282416,275876,51,0,0,798872,0,304,264117,76734,70132,96383,108397,99223,108015,51,0,0,798872,0,129,264117,76734,70132,96383,108397,99223,108015,51,0,0,798872,0,55,264117,76734,70132,96383,108397,99223,108015,51,0
3,0,600206,0,-2048,528442,389690,311042,582202,316362,282416,275876,51,0,0,600206,0,-283,528442,389690,311042,582202,316362,282416,275876,51,0,0,600206,0,1302,528442,389690,311042,582202,316362,282416,275876,51,0,0,600206,0,-2048,528442,389690,311042,582202,316362,282416,275876,51,0,0,600206,0,377,528442,389690,311042,582202,316362,282416,275876,51,0,0,600206,0,1429,528442,389690,311042,582202,316362,282416,275876,51,0,0,798872,0,304,264117,76734,70132,96383,108397,99223,108015,51,0,0,798872,0,129,264117,76734,70132,96383,108397,99223,108015,51,0,0,798872,0,55,264117,76734,70132,96383,108397,99223,108015,51,0,0,798872,0,48,264117,76734,70132,96383,108397,99223,108015,51,0
3,0,600206,0,-283,528442,389690,311042,582202,316362,282416,275876,51,0,0,600206,0,1302,528442,389690,311042,582202,316362,282416,275876,51,0,0,600206,0,-2048,528442,389690,311042,582202,316362,282416,275876,51,0,0,600206,0,377,528442,389690,311042,582202,316362,282416,275876,51,0,0,600206,0,1429,528442,389690,311042,582202,316362,282416,275876,51,0,0,798872,0,304,264117,76734,70132,96383,108397,99223,108015,51,0,0,798872,0,129,264117,76734,70132,96383,108397,99223,108015,51,0,0,798872,0,55,264117,76734,70132,96383,108397,99223,108015,51,0,0,798872,0,48,264117,76734,70132,96383,108397,99223,108015,51,0,0,798872,0,48,264117,76734,70132,96383,108397,99223,108015,51,0
3,0,600206,0,1302,528442,389690,311042,582202,316362,282416,275876,51,0,0,600206,0,-2048,528442,389690,311042,582202,316362,282416,275876,51,0,0,600206,0,377,528442,389690,311042,582202,316362,282416,275876,51,0,0,600206,0,1429,528442,389690,311042,582202,316362,282416,275876,51,0,0,798872,0,304,264117,76734,70132,96383,108397,99223,108015,51,0,0,798872,0,129,264117,76734,70132,96383,108397,99223,108015,51,0,0,798872,0,55,264117,76734,70132,96383,108397,99223,108015,51,0,0,798872,0,48,264117,76734,70132,96383,108397,99223,108015,51,0,0,798872,0,48,264117,76734,70132,96383,108397,99223,108015,51,0,0,798872,0,-570,264117,76734,70132,96383,108397,99223,108015,51,0
3,0,600206,0,-2048,528442,389690,311042,582202,316362,282416,275876,51,0,0,600206,0,377,528442,389690,311042,582202,316362,282416,275876,51,0,0,600206,0,1429,528442,389690,311042,582202,316362,282416,275876,51,0,0,798872,0,304,264117,76734,70132,96383,108397,99223,108015,51,0,0,798872,0,129,264117,76734,70132,96383,108397,99223,108015,51,0,0,798872,0,55,264117,76734,70132,96383,108397,99223,108015,51,0,0,798872,0,48,264117,76734,70132,96383,108397,99223,108015,51,0,0,798872,0,48,264117,76734,70132,96383,108397,99223,108015,51,0,0,798872,0,-570,264117,76734,70132,96383,108397,99223,108015,51,0,0,798872,0,1660,264117,76734,70132,96383,108397,99223,108015,51,0
3,0,600206,0,377,528442,389690,311042,582202,316362,282416,275876,51,0,0,600206,0,1429,528442,389690,311042,582202,316362,282416,275876,51,0,0,798872,0,304,264117,76734,70132,96383,108397,99223,108015,51,0,0,798872,0,129,264117,76734,70132,96383,108397,99223,108015,51,0,0,798872,0,55,264117,76734,70132,96383,108397,99223,108015,51,0,0,798872,0,48,264117,76734,70132,96383,108397,99223,108015,51,0,0,798872,0,48,264117,76734,70132,96383,108397,99223,108015,51,0,0,798872,0,-570,264117,76734,70132,96383,108397,99223,108015,51,0,0,798872,0,1660,264117,76734,70132,96383,108397,99223,108015,51,0,0,798872,0,307,264117,76734,70132,96383,108397,99223,108015,51,0
3,0,600206,0,1429,528442,389690,311042,582202,316362,282416,275876,51,0,0,798872,0,304,264117,76734,70132,96383,108397,99223,108015,51,0,0,798872,0,129,264117,76734,70132,96383,108397,99223,108015,51,0,0,798872,0,55,264117,76734,70132,96383,108397,99223,108015,51,0,0,798872,0,48,264117,76734,70132,96383,108397,99223,108015,51,0,0,798872,0,48,264117,76734,70132,96383,108397,99223,108015,51,0,0,798872,0,-570,264117,76734,70132,96383,108397,99223,108015,51,0,0,798872,0,1660,264117,76734,70132,96383,108397,99223,108015,51,0,0,798872,0,307,264117,76734,70132,96383,108397,99223,108015,51,0,0,798872,0,83,264117,76734,70132,96383,108397,99223,108015,51,0
3,0,798872,0,304,264117,76734,70132,96383,108397,99223,108015,51,0,0,798872,0,129,264117,76734,70132,96383,108397,99223,108015,51,0,0,798872,0,55,264117,76734,70132,96383,108397,99223,108015,51,0,0,798872,0,48,264117,76734,70132,96383,108397,99223,108015,51,0,0,798872,0,48,264117,76734,70132,96383,108397,99223,108015,51,0,0,798872,0,-570,264117,76734,70132,96383,108397,99223,108015,51,0,0,798872,0,1660,264117,76734,70132,96383,108397,99223,108015,51,0,0,798872,0,307,264117,76734,70132,96383,108397,99223,108015,51,0,0,798872,0,83,264117,76734,70132,96383,108397,99223,108015,51,0,0,798872,0,-1,264117,76734,70132,96383,108397,99223,108015,51,0
3,0,798872,0,129,264117,76734,70132,96383,108397,99223,108015,51,0,0,798872,0,55,264117,76734,70132,96383,108397,99223,108015,51,0,0,798872,0,48,264117,76734,70132,96383,108397,99223,108015,51,0,0,798872,0,48,264117,76734,70132,96383,108397,99223,108015,51,0,0,798872,0,-570,264117,76734,70132,96383,108397,99223,108015,51,0,0,798872,0,1660,264117,76734,70132,96383,108397,99223,108015,51,0,0,798872,0,307,264117,76734,70132,96383,108397,99223,108015,51,0,0,798872,0,83,264117,76734,70132,96383,108397,99223,108015,51,0,0,798872,0,-1,264117,76734,70132,96383,108397,99223,108015,51,0,0,297514,0,2047,44576,40435,14827,14937,23159,6735,5216,51,0
3,0,798872,0,55,264117,76734,70132,96383,108397,99223,108015,51,0,0,798872,0,48,264117,76734,70132,96383,108397,99223,108015,51,0,0,798872,0,48,264117,76734,70132,96383,108397,99223,108015,51,0,0,798872,0,-570,264117,76734,70132,96383,108397,99223,108015,51,0,0,798872,0,1660,264117,76734,70132,96383,108397,99223,108015,51,0,0,798872,0,307,264117,76734,70132,96383,108397,99223,108015,51,0,0,798872,0,83,264117,76734,70132,96383,108397,99223,108015,51,0,0,798872,0,-1,264117,76734,70132,96383,108397,99223,108015,51,0,0,297514,0,2047,44576,40435,14827,14937,23159,6735,5216,51,0,0,297514,0,375,44576,40435,14827,14937,23159,6735,5216,51,0
3,0,798872,0,48,264117,76734,70132,96383,108397,99223,108015,51,0,0,798872,0,48,264117,76734,70132,96383,108397,99223,108015,51,0,0,798872,0,-570,264117,76734,70132,96383,108397,99223,108015,51,0,0,798872,0,1660,264117,76734,70132,96383,108397,99223,108015,51,0,0,798872,0,307,264117,76734,70132,96383,108397,99223,108015,51,0,0,798872,0,83,264117,76734,70132,96383,108397,99223,108015,51,0,0,798872,0,-1,264117,76734,70132,96383,108397,99223,108015,51,0,0,297514,0,2047,44576,40435,14827,14937,23159,6735,5216,51,0,0,297514,0,375,44576,40435,14827,14937,23159,6735,5216,51,0,0,297514,0,98,44576,40435,14827,14937,23159,6735,5216,51,0
3,0,798872,0,48,264117,76734,70132,96383,108397,99223,108015,51,0,0,798872,0,-570,264117,76734,70132,96383,108397,99223,108015,51,0,0,798872,0,1660,264117,76734,70132,96383,108397,99223,108015,51,0,0,798872,0,307,264117,76734,70132,96383,108397,99223,108015,51,0,0,798872,0,83,264117,76734,70132,96383,108397,99223,108015,51,0,0,798872,0,-1,264117,76734,70132,96383,108397,99223,108015,51,0,0,297514,0,2047,44576,40435,14827,14937,23159,6735,5216,51,0,0,297514,0,375,44576,40435,14827,14937,23159,6735,5216,51,0,0,297514,0,98,44576,40435,14827,14937,23159,6735,5216,51,0,0,297514,0,53,44576,40435,14827,14937,23159,6735,5216,51,0
3,0,798872,0,-570,264117,76734,70132,96383,108397,99223,108015,51,0,0,798872,0,1660,264117,76734,70132,96383,108397,99223,108015,51,0,0,798872,0,307,264117,76734,70132,96383,108397,99223,108015,51,0,0,798872,0,83,264117,76734,70132,96383,108397,99223,108015,51,0,0,798872,0,-1,264117,76734,70132,96383,108397,99223,108015,51,0,0,297514,0,2047,44576,40435,14827,14937,23159,6735,5216,51,0,0,297514,0,375,44576,40435,14827,14937,23159,6735,5216,51,0,0,297514,0,98,44576,40435,14827,14937,23159,6735,5216,51,0,0,297514,0,53,44576,40435,14827,14937,23159,6735,5216,51,0,0,297514,0,44,44576,40435,14827,14937,23159,6735,5216,51,0
3,0,798872,0,1660,264117,76734,70132,96383,108397,99223,108015,51,0,0,798872,0,307,264117,76734,70132,96383,108397,99223,108015,51,0,0,798872,0,83,264117,76734,70132,96383,108397,99223,108015,51,0,0,798872,0,-1,264117,76734,70132,96383,108397,99223,108015,51,0,0,297514,0,2047,44576,40435,14827,14937,23159,6735,5216,51,0,0,297514,0,375,44576,40435,14827,14937,23159,6735,5216,51,0,0,297514,0,98,44576,40435,14827,14937,23159,6735,5216,51,0,0,297514,0,53,44576,40435,14827,14937,23159,6735,5216,51,0,0,297514,0,44,44576,40435,14827,14937,23159,6735,5216,51,0,0,297514,0,44,44576,40435,14827,14937,23159,6735,5216,51,0
3,0,798872,0,307,264117,76734,70132,96383,108397,99223,108015,51,0,0,798872,0,83,264117,76734,70132,96383,108397,99223,108015,51,0,0,798872,0,-1,264117,76734,70132,96383,108397,99223,108015,51,0,0,297514,0,2047,44576,40435,14827,14937,23159,6735,5216,51,0,0,297514,0,375,44576,40435,14827,14937,23159,6735,5216,51,0,0,297514,0,98,44576,40435,14827,14937,23159,6735,5216,51,0,0,297514,0,53,44576,40435,14827,14937,23159,6735,5216,51,0,0,297514,0,44,44576,40435,14827,14937,23159,6735,5216,51,0,0,297514,0,44,44576,40435,14827,14937,23159,6735,5216,51,0,0,297514,0,-2022,44576,40435,14827,14937,23159,6735,5216,51,0
3,0,798872,0,83,264117,76734,70132,96383,108397,99223,108015,51,0,0,798872,0,-1,264117,76734,70132,96383,108397,99223,108015,51,0,0,297514,0,2047,44576,40435,14827,14937,23159,6735,5216,51,0,0,297514,0,375,44576,40435,14827,14937,23159,6735,5216,51,0,0,297514,0,98,44576,40435,14827,14937,23159,6735,5216,51,0,0,297514,0,53,44576,40435,14827,14937,23159,6735,5216,51,0,0,297514,0,44,44576,40435,14827,14937,23159,6735,5216,51,0,0,297514,0,44,44576,40435,14827,14937,23159,6735,5216,51,0,0,297514,0,-2022,44576,40435,14827,14937,23159,6735,5216,51,0,0,297514,0,-199,44576,40435,14827,14937,23159,6735,5216,51,0
3,0,798872,0,-1,264117,76734,70132,96383,108397,99223,108015,51,0,0,297514,0,2047,44576,40435,14827,14937,23159,6735,5216,51,0,0,297514,0,375,44576,40435,14827,14937,23159,6735,5216,51,0,0,297514,0,98,44576,40435,14827,14937,23159,6735,5216,51,0,0,297514,0,53,44576,40435,14827,14937,23159,6735,5216,51,0,0,297514,0,44,44576,40435,14827,14937,23159,6735,5216,51,0,0,297514,0,44,44576,40435,14827,14937,23159,6735,5216,51,0,0,297514,0,-2022,44576,40435,14827,14937,23159,6735,5216,51,0,0,297514,0,-199,44576,40435,14827,14937,23159,6735,5216,51,0,0,297514,0,2047,44576,40435,14827,14937,23159,6735,5216,51,0
3,0,297514,0,2047,44576,40435,14827,14937,23159,6735,5216,51,0,0,297514,0,375,44576,40435,14827,14937,23159,6735,5216,51,0,0,297514,0,98,44576,40435,14827,14937,23159,6735,5216,51,0,0,297514,0,53,44576,40435,14827,14937,23159,6735,5216,51,0,0,297514,0,44,44576,40435,14827,14937,23159,6735,5216,51,0,0,297514,0,44,44576,40435,14827,14937,23159,6735,5216,51,0,0,297514,0,-2022,44576,40435,14827,14937,23159,6735,5216,51,0,0,297514,0,-199,44576,40435,14827,14937,23159,6735,5216,51,0,0,297514,0,2047,44576,40435,14827,14937,23159,6735,5216,51,0,0,297514,0,358,44576,40435,14827,14937,23159,6735,5216,51,0
3,0,297514,0,375,44576,40435,14827,14937,23159,6735,5216,51,0,0,297514,0,98,44576,40435,14827,14937,23159,6735,5216,51,0,0,297514,0,53,44576,40435,14827,14937,23159,6735,5216,51,0,0,297514,0,44,44576,40435,14827,14937,23159,6735,5216,51,0,0,297514,0,44,44576,40435,14827,14937,23159,6735,5216,51,0,0,297514,0,-2022,44576,40435,14827,14937,23159,6735,5216,51,0,0,297514,0,-199,44576,40435,14827,14937,23159,6735,5216,51,0,0,297514,0,2047,44576,40435,14827,14937,23159,6735,5216,51,0,0,297514,0,358,44576,40435,14827,14937,23159,6735,5216,51,0,0,245303,0,131,34907,28909,12197,11219,12326,22090,17573,51,0
3,0,297514,0,98,44576,40435,14827,14937,23159,6735,5216,51,0,0,297514,0,53,44576,40435,14827,14937,23159,6735,5216,51,0,0,297514,0,44,44576,40435,14827,14937,23159,6735,5216,51,0,0,297514,0,44,44576,40435,14827,14937,23159,6735,5216,51,0,0,297514,0,-2022,44576,40435,14827,14937,23159,6735,5216,51,0,0,297514,0,-199,44576,40435,14827,14937,23159,6735,5216,51,0,0,297514,0,2047,44576,40435,14827,14937,23159,6735,5216,51,0,0,297514,0,358,44576,40435,14827,14937,23159,6735,5216,51,0,0,245303,0,131,34907,28909,12197,11219,12326,22090,17573,51,0,0,245303,0,2047,34907,28909,12197,11219,12326,22090,17573,51,0
3,0,297514,0,53,44576,40435,14827,14937,23159,6735,5216,51,0,0,297514,0,44,44576,40435,14827,14937,23159,6735,5216,51,0,0,297514,0,44,44576,40435,14827,14937,23159,6735,5216,51,0,0,297514,0,-2022,44576,40435,14827,14937,23159,6735,5216,51,0,0,297514,0,-199,44576,40435,14827,14937,23159,6735,5216,51,0,0,297514,0,2047,44576,40435,14827,14937,23159,6735,5216,51,0,0,297514,0,358,44576,40435,14827,14937,23159,6735,5216,51,0,0,245303,0,131,34907,28909,12197,11219,12326,22090,17573,51,0,0,245303,0,2047,34907,28909,12197,11219,12326,22090,17573,51,0,0,245303,0,684,34907,28909,12197,11219,12326,22090,17573,51,0
3,0,297514,0,44,44576,40435,14827,14937,23159,6735,5216,51,0,0,297514,0,44,44576,40435,14827,14937,23159,6735,5216,51,0,0,297514,0,-2022,44576,40435,14827,14937,23159,6735,5216,51,0,0,297514,0,-199,44576,40435,14827,14937,23159,6735,5216,51,0,0,297514,0,2047,44576,40435,14827,14937,23159,6735,5216,51,0,0,297514,0,358,44576,40435,14827,14937,23159,6735,5216,51,0,0,245303,0,131,34907,28909,12197,11219,12326,22090,17573,51,0,0,245303,0,2047,34907,28909,12197,11219,12326,22090,17573,51,0,0,245303,0,684,34907,28909,12197,11219,12326,22090,17573,51,0,0,245303,0,129,34907,28909,12197,11219,12326,22090,17573,51,0
3,0,297514,0,44,44576,40435,14827,14937,23159,6735,5216,51,0,0,297514,0,-2022,44576,40435,14827,14937,23159,6735,5216,51,0,0,297514,0,-199,44576,40435,14827,14937,23159,6735,5216,51,0,0,297514,0,2047,44576,40435,14827,14937,23159,6735,5216,51,0,0,297514,0,358,44576,40435,14827,14937,23159,6735,5216,51,0,0,245303,0,131,34907,28909,12197,11219,12326,22090,17573,51,0,0,245303,0,2047,34907,28909,12197,11219,12326,22090,17573,51,0,0,245303,0,684,34907,28909,12197,11219,12326,22090,17573,51,0,0,245303,0,129,34907,28909,12197,11219,12326,22090,17573,51,0,0,245303,0,71,34907,28909,12197,11219,12326,22090,17573,51,0
3,0,297514,0,-2022,44576,40435,14827,14937,23159,6735,5216,51,0,0,297514,0,-199,44576,40435,14827,14937,23159,6735,5216,51,0,0,297514,0,2047,44576,40435,14827,14937,23159,6735,5216,51,0,0,297514,0,358,44576,40435,14827,14937,23159,6735,5216,51,0,0,245303,0,131,34907,28909,12197,11219,12326,22090,17573,51,0,0,245303,0,2047,34907,28909,12197,11219,12326,22090,17573,51,0,0,245303,0,684,34907,28909,12197,11219,12326,22090,17573,51,0,0,245303,0,129,34907,28909,12197,11219,12326,22090,17573,51,0,0,245303,0,71,34907,28909,12197,11219,12326,22090,17573,51,0,0,245303,0,49,34907,28909,12197,11219,12326,22090,17573,51,0
3,0,297514,0,-199,44576,40435,14827,14937,23159,6735,5216,51,0,0,297514,0,2047,44576,40435,14827,14937,23159,6735,5216,51,0,0,297514,0,358,44576,40435,14827,14937,23159,6735,5216,51,0,0,245303,0,131,34907,28909,12197,11219,12326,22090,17573,51,0,0,245303,0,2047,34907,28909,12197,11219,12326,22090,17573,51,0,0,245303,0,684,34907,28909,12197,11219,12326,22090,17573,51,0,0,245303,0,129,34907,28909,12197,11219,12326,22090,17573,51,0,0,245303,0,71,34907,28909,12197,11219,12326,22090,17573,51,0,0,245303,0,49,34907,28909,12197,11219,12326,22090,17573,51,0,0,245303,0,44,34907,28909,12197,11219,12326,22090,17573,51,0
3,0,297514,0,2047,44576,40435,14827,14937,23159,6735,5216,51,0,0,297514,0,358,44576,40435,14827,14937,23159,6735,5216,51,0,0,245303,0,131,34907,28909,12197,11219,12326,22090,17573,51,0,0,245303,0,2047,34907,28909,12197,11219,12326,22090,17573,51,0,0,245303,0,684,34907,28909,12197,11219,12326,22090,17573,51,0,0,245303,0,129,34907,28909,12197,11219,12326,22090,17573,51,0,0,245303,0,71,34907,28909,12197,11219,12326,22090,17573,51,0,0,245303,0,49,34907,28909,12197,11219,12326,22090,17573,51,0,0,245303,0,44,34907,28909,12197,11219,12326,22090,17573,51,0,0,245303,0,44,34907,28909,12197,11219,12326,22090,17573,51,0
3,0,297514,0,358,44576,40435,14827,14937,23159,6735,5216,51,0,0,245303,0,131,34907,28909,12197,11219,12326,22090,17573,51,0,0,245303,0,2047,34907,28909,12197,11219,12326,22090,17573,51,0,0,245303,0,684,34907,28909,12197,11219,12326,22090,17573,51,0,0,245303,0,129,34907,28909,12197,11219,12326,22090,17573,51,0,0,245303,0,71,34907,28909,12197,11219,12326,22090,17573,51,0,0,245303,0,49,34907,28909,12197,11219,12326,22090,17573,51,0,0,245303,0,44,34907,28909,12197,11219,12326,22090,17573,51,0,0,245303,0,44,34907,28909,12197,11219,12326,22090,17573,51,0,0,245303,0,-2048,34907,28909,12197,11219,12326,22090,17573,51,0
3,0,245303,0,131,34907,28909,12197,11219,12326,22090,17573,51,0,0,245303,0,2047,34907,28909,12197,11219,12326,22090,17573,51,0,0,245303,0,684,34907,28909,12197,11219,12326,22090,17573,51,0,0,245303,0,129,34907,28909,12197,11219,12326,22090,17573,51,0,0,245303,0,71,34907,28909,12197,11219,12326,22090,17573,51,0,0,245303,0,49,34907,28909,12197,11219,12326,22090,17573,51,0,0,245303,0,44,34907,28909,12197,11219,12326,22090,17573,51,0,0,245303,0,44,34907,28909,12197,11219,12326,22090,17573,51,0,0,245303,0,-2048,34907,28909,12197,11219,12326,22090,17573,51,0,0,245303,0,1927,34907,28909,12197,11219,12326,22090,17573,51,0
3,0,245303,0,2047,34907,28909,12197,11219,12326,22090,17573,51,0,0,245303,0,684,34907,28909,12197,11219,12326,22090,17573,51,0,0,245303,0,129,34907,28909,12197,11219,12326,22090,17573,51,0,0,245303,0,71,34907,28909,12197,11219,12326,22090,17573,51,0,0,245303,0,49,34907,28909,12197,11219,12326,22090,17573,51,0,0,245303,0,44,34907,28909,12197,11219,12326,22090,17573,51,0,0,245303,0,44,34907,28909,12197,11219,12326,22090,17573,51,0,0,245303,0,-2048,34907,28909,12197,11219,12326,22090,17573,51,0,0,245303,0,1927,34907,28909,12197,11219,12326,22090,17573,51,0,0,514187,0,359,1463581,121591,249999,62161,314406,98503,51289,51,0
3,0,245303,0,684,34907,28909,12197,11219,12326,22090,17573,51,0,0,245303,0,129,34907,28909,12197,11219,12326,22090,17573,51,0,0,245303,0,71,34907,28909,12197,11219,12326,22090,17573,51,0,0,245303,0,49,34907,28909,12197,11219,12326,22090,17573,51,0,0,245303,0,44,34907,28909,12197,11219,12326,22090,17573,51,0,0,245303,0,44,34907,28909,12197,11219,12326,22090,17573,51,0,0,245303,0,-2048,34907,28909,12197,11219,12326,22090,17573,51,0,0,245303,0,1927,34907,28909,12197,11219,12326,22090,17573,51,0,0,514187,0,359,1463581,121591,249999,62161,314406,98503,51289,51,0,0,514187,0,-1193,1463581,121591,249999,62161,314406,98503,51289,51,0
3,0,245303,0,129,34907,28909,12197,11219,12326,22090,17573,51,0,0,245303,0,71,34907,28909,12197,11219,12326,22090,17573,51,0,0,245303,0,49,34907,28909,12197,11219,12326,22090,17573,51,0,0,245303,0,44,34907,28909,12197,11219,12326,22090,17573,51,0,0,245303,0,44,34907,28909,12197,11219,12326,22090,17573,51,0,0,245303,0,-2048,34907,28909,12197,11219,12326,22090,17573,51,0,0,245303,0,1927,34907,28909,12197,11219,12326,22090,17573,51,0,0,514187,0,359,1463581,121591,249999,62161,314406,98503,51289,51,0,0,514187,0,-1193,1463581,121591,249999,62161,314406,98503,51289,51,0,0,514187,0,684,1463581,121591,249999,62161,314406,98503,51289,51,0
3,0,245303,0,71,34907,28909,12197,11219,12326,22090,17573,51,0,0,245303,0,49,34907,28909,12197,11219,12326,22090,17573,51,0,0,245303,0,44,34907,28909,12197,11219,12326,22090,17573,51,0,0,245303,0,44,34907,28909,12197,11219,12326,22090,17573,51,0,0,245303,0,-2048,34907,28909,12197,11219,12326,22090,17573,51,0,0,245303,0,1927,34907,28909,12197,11219,12326,22090,17573,51,0,0,514187,0,359,1463581,121591,249999,62161,314406,98503,51289,51,0,0,514187,0,-1193,1463581,121591,249999,62161,314406,98503,51289,51,0,0,514187,0,684,1463581,121591,249999,62161,314406,98503,51289,51,0,0,514187,0,1410,1463581,121591,249999,62161,314406,98503,51289,51,0
3,0,245303,0,49,34907,28909,12197,11219,12326,22090,17573,51,0,0,245303,0,44,34907,28909,12197,11219,12326,22090,17573,51,0,0,245303,0,44,34907,28909,12197,11219,12326,22090,17573,51,0,0,245303,0,-2048,34907,28909,12197,11219,12326,22090,17573,51,0,0,245303,0,1927,34907,28909,12197,11219,12326,22090,17573,51,0,0,514187,0,359,1463581,121591,249999,62161,314406,98503,51289,51,0,0,514187,0,-1193,1463581,121591,249999,62161,314406,98503,51289,51,0,0,514187,0,684,1463581,121591,249999,62161,314406,98503,51289,51,0,0,514187,0,1410,1463581,121591,249999,62161,314406,98503,51289,51,0,0,514187,0,353,1463581,121591,249999,62161,314406,98503,51289,51,0
3,0,245303,0,44,34907,28909,12197,11219,12326,22090,17573,51,0,0,245303,0,44,34907,28909,12197,11219,12326,22090,17573,51,0,0,245303,0,-2048,34907,28909,12197,11219,12326,22090,17573,51,0,0,245303,0,1927,34907,28909,12197,11219,12326,22090,17573,51,0,0,514187,0,359,1463581,121591,249999,62161,314406,98503,51289,51,0,0,514187,0,-1193,1463581,121591,249999,62161,314406,98503,51289,51,0,0,514187,0,684,1463581,121591,249999,62161,314406,98503,51289,51,0,0,514187,0,1410,1463581,121591,249999,62161,314406,98503,51289,51,0,0,514187,0,353,1463581,121591,249999,62161,314406,98503,51289,51,0,0,514187,0,76,1463581,121591,249999,62161,314406,98503,51289,51,0
3,0,245303,0,44,34907,28909,12197,11219,12326,22090,17573,51,0,0,245303,0,-2048,34907,28909,12197,11219,12326,22090,17573,51,0,0,245303,0,1927,34907,28909,12197,11219,12326,22090,17573,51,0,0,514187,0,359,1463581,121591,249999,62161,314406,98503,51289,51,0,0,514187,0,-1193,1463581,121591,249999,62161,314406,98503,51289,51,0,0,514187,0,684,1463581,121591,249999,62161,314406,98503,51289,51,0,0,514187,0,1410,1463581,121591,249999,62161,314406,98503,51289,51,0,0,514187,0,353,1463581,121591,249999,62161,314406,98503,51289,51,0,0,514187,0,76,1463581,121591,249999,62161,314406,98503,51289,51,0,0,514187,0,50,1463581,121591,249999,62161,314406,98503,51289,51,0
3,0,245303,0,-2048,34907,28909,12197,11219,12326,22090,17573,51,0,0,245303,0,1927,34907,28909,12197,11219,12326,22090,17573,51,0,0,514187,0,359,1463581,121591,249999,62161,314406,98503,51289,51,0,0,514187,0,-1193,1463581,121591,249999,62161,314406,98503,51289,51,0,0,514187,0,684,1463581,121591,249999,62161,314406,98503,51289,51,0,0,514187,0,1410,1463581,121591,249999,62161,314406,98503,51289,51,0,0,514187,0,353,1463581,121591,249999,62161,314406,98503,51289,51,0,0,514187,0,76,1463581,121591,249999,62161,314406,98503,51289,51,0,0,514187,0,50,1463581,121591,249999,62161,314406,98503,51289,51,0,0,514187,0,44,1463581,121591,249999,62161,314406,98503,51289,51,0
3,0,245303,0,1927,34907,28909,12197,11219,12326,22090,17573,51,0,0,514187,0,359,1463581,121591,249999,62161,314406,98503,51289,51,0,0,514187,0,-1193,1463581,121591,249999,62161,314406,98503,51289,51,0,0,514187,0,684,1463581,121591,249999,62161,314406,98503,51289,51,0,0,514187,0,1410,1463581,121591,249999,62161,314406,98503,51289,51,0,0,514187,0,353,1463581,121591,249999,62161,314406,98503,51289,51,0,0,514187,0,76,1463581,121591,249999,62161,314406,98503,51289,51,0,0,514187,0,50,1463581,121591,249999,62161,314406,98503,51289,51,0,0,514187,0,44,1463581,121591,249999,62161,314406,98503,51289,51,0,0,514187,0,44,1463581,121591,249999,62161,314406,98503,51289,51,0
3,0,514187,0,359,1463581,121591,249999,62161,314406,98503,51289,51,0,0,514187,0,-1193,1463581,121591,249999,62161,314406,98503,51289,51,0,0,514187,0,684,1463581,121591,249999,62161,314406,98503,51289,51,0,0,514187,0,1410,1463581,121591,249999,62161,314406,98503,51289,51,0,0,514187,0,353,1463581,121591,249999,62161,314406,98503,51289,51,0,0,514187,0,76,1463581,121591,249999,62161,314406,98503,51289,51,0,0,514187,0,50,1463581,121591,249999,62161,314406,98503,51289,51,0,0,514187,0,44,1463581,121591,249999,62161,314406,98503,51289,51,0,0,514187,0,44,1463581,121591,249999,62161,314406,98503,51289,51,0,0,167796,0,-2048,55664,10600,5301,8744,24923,17590,20820,51,0
3,0,514187,0,-1193,1463581,121591,249999,62161,314406,98503,51289,51,0,0,514187,0,684,1463581,121591,249999,62161,314406,98503,51289,51,0,0,514187,0,1410,1463581,121591,249999,62161,314406,98503,51289,51,0,0,514187,0,353,1463581,121591,249999,62161,314406,98503,51289,51,0,0,514187,0,76,1463581,121591,249999,62161,314406,98503,51289,51,0,0,514187,0,50,1463581,121591,249999,62161,314406,98503,51289,51,0,0,514187,0,44,1463581,121591,249999,62161,314406,98503,51289,51,0,0,514187,0,44,1463581,121591,249999,62161,314406,98503,51289,51,0,0,167796,0,-2048,55664,10600,5301,8744,24923,17590,20820,51,0,0,167796,0,-637,55664,10600,5301,8744,24923,17590,20820,51,0
3,0,514187,0,684,1463581,121591,249999,62161,314406,98503,51289,51,0,0,514187,0,1410,1463581,121591,249999,62161,314406,98503,51289,51,0,0,514187,0,353,1463581,121591,249999,62161,314406,98503,51289,51,0,0,514187,0,76,1463581,121591,249999,62161,314406,98503,51289,51,0,0,514187,0,50,1463581,121591,249999,62161,314406,98503,51289,51,0,0,514187,0,44,1463581,121591,249999,62161,314406,98503,51289,51,0,0,514187,0,44,1463581,121591,249999,62161,314406,98503,51289,51,0,0,167796,0,-2048,55664,10600,5301,8744,24923,17590,20820,51,0,0,167796,0,-637,55664,10600,5301,8744,24923,17590,20820,51,0,0,167796,0,1478,55664,10600,5301,8744,24923,17590,20820,51,0
3,0,514187,0,1410,1463581,121591,249999,62161,314406,98503,51289,51,0,0,514187,0,353,1463581,121591,249999,62161,314406,98503,51289,51,0,0,514187,0,76,1463581,121591,249999,62161,314406,98503,51289,51,0,0,514187,0,50,1463581,121591,249999,62161,314406,98503,51289,51,0,0,514187,0,44,1463581,121591,249999,62161,314406,98503,51289,51,0,0,514187,0,44,1463581,121591,249999,62161,314406,98503,51289,51,0,0,167796,0,-2048,55664,10600,5301,8744,24923,17590,20820,51,0,0,167796,0,-637,55664,10600,5301,8744,24923,17590,20820,51,0,0,167796,0,1478,55664,10600,5301,8744,24923,17590,20820,51,0,0,167796,0,187,55664,10600,5301,8744,24923,17590,20820,51,0
3,0,514187,0,353,1463581,121591,249999,62161,314406,98503,51289,51,0,0,514187,0,76,1463581,121591,249999,62161,314406,98503,51289,51,0,0,514187,0,50,1463581,121591,249999,62161,314406,98503,51289,51,0,0,514187,0,44,1463581,121591,249999,62161,314406,98503,51289,51,0,0,514187,0,44,1463581,121591,249999,62161,314406,98503,51289,51,0,0,167796,0,-2048,55664,10600,5301,8744,24923,17590,20820,51,0,0,167796,0,-637,55664,10600,5301,8744,24923,17590,20820,51,0,0,167796,0,1478,55664,10600,5301,8744,24923,17590,20820,51,0,0,167796,0,187,55664,10600,5301,8744,24923,17590,20820,51,0,0,167796,0,-1315,55664,10600,5301,8744,24923,17590,20820,51,0
3,0,514187,0,76,1463581,121591,249999,62161,314406,98503,51289,51,0,0,514187,0,50,1463581,121591,249999,62161,314406,98503,51289,51,0,0,514187,0,44,1463581,121591,249999,62161,314406,98503,51289,51,0,0,514187,0,44,1463581,121591,249999,62161,314406,98503,51289,51,0,0,167796,0,-2048,55664,10600,5301,8744,24923,17590,20820,51,0,0,167796,0,-637,55664,10600,5301,8744,24923,17590,20820,51,0,0,167796,0,1478,55664,10600,5301,8744,24923,17590,20820,51,0,0,167796,0,187,55664,10600,5301,8744,24923,17590,20820,51,0,0,167796,0,-1315,55664,10600,5301,8744,24923,17590,20820,51,0,0,167796,0,1001,55664,10600,5301,8744,24923,17590,20820,51,0
3,0,514187,0,50,1463581,121591,249999,62161,314406,98503,51289,51,0,0,514187,0,44,1463581,121591,249999,62161,314406,98503,51289,51,0,0,514187,0,44,1463581,121591,249999,62161,314406,98503,51289,51,0,0,167796,0,-2048,55664,10600,5301,8744,24923,17590,20820,51,0,0,167796,0,-637,55664,10600,5301,8744,24923,17590,20820,51,0,0,167796,0,1478,55664,10600,5301,8744,24923,17590,20820,51,0,0,167796,0,187,55664,10600,5301,8744,24923,17590,20820,51,0,0,167796,0,-1315,55664,10600,5301,8744,24923,17590,20820,51,0,0,167796,0,1001,55664,10600,5301,8744,24923,17590,20820,51,0,0,167796,0,468,55664,10600,5301,8744,24923,17590,20820,51,0
3,0,514187,0,44,1463581,121591,249999,62161,314406,98503,51289,51,0,0,514187,0,44,1463581,121591,249999,62161,314406,98503,51289,51,0,0,167796,0,-2048,55664,10600,5301,8744,24923,17590,20820,51,0,0,167796,0,-637,55664,10600,5301,8744,24923,17590,20820,51,0,0,167796,0,1478,55664,10600,5301,8744,24923,17590,20820,51,0,0,167796,0,187,55664,10600,5301,8744,24923,17590,20820,51,0,0,167796,0,-1315,55664,10600,5301,8744,24923,17590,20820,51,0,0,167796,0,1001,55664,10600,5301,8744,24923,17590,20820,51,0,0,167796,0,468,55664,10600,5301,8744,24923,17590,20820,51,0,0,167796,0,56,55664,10600,5301,8744,24923,17590,20820,51,0
3,0,514187,0,44,1463581,121591,249999,62161,314406,98503,51289,51,0,0,167796,0,-2048,55664,10600,5301,8744,24923,17590,20820,51,0,0,167796,0,-637,55664,10600,5301,8744,24923,17590,20820,51,0,0,167796,0,1478,55664,10600,5301,8744,24923,17590,20820,51,0,0,167796,0,187,55664,10600,5301,8744,24923,17590,20820,51,0,0,167796,0,-1315,55664,10600,5301,8744,24923,17590,20820,51,0,0,167796,0,1001,55664,10600,5301,8744,24923,17590,20820,51,0,0,167796,0,468,55664,10600,5301,8744,24923,17590,20820,51,0,0,167796,0,56,55664,10600,5301,8744,24923,17590,20820,51,0,0,167796,0,935,55664,10600,5301,8744,24923,17590,20820,51,0
3,0,167796,0,-2048,55664,10600,5301,8744,24923,17590,20820,51,0,0,167796,0,-637,55664,10600,5301,8744,24923,17590,20820,51,0,0,167796,0,1478,55664,10600,5301,8744,24923,17590,20820,51,0,0,167796,0,187,55664,10600,5301,8744,24923,17590,20820,51,0,0,167796,0,-1315,55664,10600,5301,8744,24923,17590,20820,51,0,0,167796,0,1001,55664,10600,5301,8744,24923,17590,20820,51,0,0,167796,0,468,55664,10600,5301,8744,24923,17590,20820,51,0,0,167796,0,56,55664,10600,5301,8744,24923,17590,20820,51,0,0,167796,0,935,55664,10600,5301,8744,24923,17590,20820,51,0,0,167796,0,139,55664,10600,5301,8744,24923,17590,20820,51,0
3,0,167796,0,-637,55664,10600,5301,8744,24923,17590,20820,51,0,0,167796,0,1478,55664,10600,5301,8744,24923,17590,20820,51,0,0,167796,0,187,55664,10600,5301,8744,24923,17590,20820,51,0,0,167796,0,-1315,55664,10600,5301,8744,24923,17590,20820,51,0,0,167796,0,1001,55664,10600,5301,8744,24923,17590,20820,51,0,0,167796,0,468,55664,10600,5301,8744,24923,17590,20820,51,0,0,167796,0,56,55664,10600,5301,8744,24923,17590,20820,51,0,0,167796,0,935,55664,10600,5301,8744,24923,17590,20820,51,0,0,167796,0,139,55664,10600,5301,8744,24923,17590,20820,51,0,0,1902719,0,56,880871,204497,676337,321653,414179,334225,247308,51,0
3,0,167796,0,1478,55664,10600,5301,8744,24923,17590,20820,51,0,0,167796,0,187,55664,10600,5301,8744,24923,17590,20820,51,0,0,167796,0,-1315,55664,10600,5301,8744,24923,17590,20820,51,0,0,167796,0,1001,55664,10600,5301,8744,24923,17590,20820,51,0,0,167796,0,468,55664,10600,5301,8744,24923,17590,20820,51,0,0,167796,0,56,55664,10600,5301,8744,24923,17590,20820,51,0,0,167796,0,935,55664,10600,5301,8744,24923,17590,20820,51,0,0,167796,0,139,55664,10600,5301,8744,24923,17590,20820,51,0,0,1902719,0,56,880871,204497,676337,321653,414179,334225,247308,51,0,0,1902719,0,90,880871,204497,676337,321653,414179,334225,247308,51,0
3,0,167796,0,187,55664,10600,5301,8744,24923,17590,20820,51,0,0,167796,0,-1315,55664,10600,5301,8744,24923,17590,20820,51,0,0,167796,0,1001,55664,10600,5301,8744,24923,17590,20820,51,0,0,167796,0,468,55664,10600,5301,8744,24923,17590,20820,51,0,0,167796,0,56,55664,10600,5301,8744,24923,17590,20820,51,0,0,167796,0,935,55664,10600,5301,8744,24923,17590,20820,51,0,0,167796,0,139,55664,10600,5301,8744,24923,17590,20820,51,0,0,1902719,0,56,880871,204497,676337,321653,414179,334225,247308,51,0,0,1902719,0,90,880871,204497,676337,321653,414179,334225,247308,51,0,0,1902719,0,131,880871,204497,676337,321653,414179,334225,247308,51,0
3,0,167796,0,-1315,55664,10600,5301,8744,24923,17590,20820,51,0,0,167796,0,1001,55664,10600,5301,8744,24923,17590,20820,51,0,0,167796,0,468,55664,10600,5301,8744,24923,17590,20820,51,0,0,167796,0,56,55664,10600,5301,8744,24923,17590,20820,51,0,0,167796,0,935,55664,10600,5301,8744,24923,17590,20820,51,0,0,167796,0,139,55664,10600,5301,8744,24923,17590,20820,51,0,0,1902719,0,56,880871,204497,676337,321653,414179,334225,247308,51,0,0,1902719,0,90,880871,204497,676337,321653,414179,334225,247308,51,0,0,1902719,0,131,880871,204497,676337,321653,414179,334225,247308,51,0,0,1902719,0,236,880871,204497,676337,321653,414179,334225,247308,51,0
3,0,167796,0,1001,55664,10600,5301,8744,24923,17590,20820,51,0,0,167796,0,468,55664,10600,5301,8744,24923,17590,20820,51,0,0,167796,0,56,55664,10600,5301,8744,24923,17590,20820,51,0,0,167796,0,935,55664,10600,5301,8744,24923,17590,20820,51,0,0,167796,0,139,55664,10600,5301,8744,24923,17590,20820,51,0,0,1902719,0,56,880871,204497,676337,321653,414179,334225,247308,51,0,0,1902719,0,90,880871,204497,676337,321653,414179,334225,247308,51,0,0,1902719,0,131,880871,204497,676337,321653,414179,334225,247308,51,0,0,1902719,0,236,880871,204497,676337,321653,414179,334225,247308,51,0,0,1902719,0,355,880871,204497,676337,321653,414179,334225,247308,51,0
3,0,167796,0,468,55664,10600,5301,8744,24923,17590,20820,51,0,0,167796,0,56,55664,10600,5301,8744,24923,17590,20820,51,0,0,167796,0,935,55664,10600,5301,8744,24923,17590,20820,51,0,0,167796,0,139,55664,10600,5301,8744,24923,17590,20820,51,0,0,1902719,0,56,880871,204497,676337,321653,414179,334225,247308,51,0,0,1902719,0,90,880871,204497,676337,321653,414179,334225,247308,51,0,0,1902719,0,131,880871,204497,676337,321653,414179,334225,247308,51,0,0,1902719,0,236,880871,204497,676337,321653,414179,334225,247308,51,0,0,1902719,0,355,880871,204497,676337,321653,414179,334225,247308,51,0,0,1902719,0,-1402,880871,204497,676337,321653,414179,334225,247308,51,0
3,0,167796,0,56,55664,10600,5301,8744,24923,17590,20820,51,0,0,167796,0,935,55664,10600,5301,8744,24923,17590,20820,51,0,0,167796,0,139,55664,10600,5301,8744,24923,17590,20820,51,0,0,1902719,0,56,880871,204497,676337,321653,414179,334225,247308,51,0,0,1902719,0,90,880871,204497,676337,321653,414179,334225,247308,51,0,0,1902719,0,131,880871,204497,676337,321653,414179,334225,247308,51,0,0,1902719,0,236,880871,204497,676337,321653,414179,334225,247308,51,0,0,1902719,0,355,880871,204497,676337,321653,414179,334225,247308,51,0,0,1902719,0,-1402,880871,204497,676337,321653,414179,334225,247308,51,0,0,1902719,0,-785,880871,204497,676337,321653,414179,334225,247308,51,0
3,0,167796,0,935,55664,10600,5301,8744,24923,17590,20820,51,0,0,167796,0,139,55664,10600,5301,8744,24923,17590,20820,51,0,0,1902719,0,56,880871,204497,676337,321653,414179,334225,247308,51,0,0,1902719,0,90,880871,204497,676337,321653,414179,334225,247308,51,0,0,1902719,0,131,880871,204497,676337,321653,414179,334225,247308,51,0,0,1902719,0,236,880871,204497,676337,321653,414179,334225,247308,51,0,0,1902719,0,355,880871,204497,676337,321653,414179,334225,247308,51,0,0,1902719,0,-1402,880871,204497,676337,321653,414179,334225,247308,51,0,0,1902719,0,-785,880871,204497,676337,321653,414179,334225,247308,51,0,0,1902719,0,1872,880871,204497,676337,321653,414179,334225,247308,51,0
3,0,167796,0,139,55664,10600,5301,8744,24923,17590,20820,51,0,0,1902719,0,56,880871,204497,676337,321653,414179,334225,247308,51,0,0,1902719,0,90,880871,204497,676337,321653,414179,334225,247308,51,0,0,1902719,0,131,880871,204497,676337,321653,414179,334225,247308,51,0,0,1902719,0,236,880871,204497,676337,321653,414179,334225,247308,51,0,0,1902719,0,355,880871,204497,676337,321653,414179,334225,247308,51,0,0,1902719,0,-1402,880871,204497,676337,321653,414179,334225,247308,51,0,0,1902719,0,-785,880871,204497,676337,321653,414179,334225,247308,51,0,0,1902719,0,1872,880871,204497,676337,321653,414179,334225,247308,51,0,0,1902719,0,309,880871,204497,676337,321653,414179,334225,247308,51,0
3,0,1902719,0,56,880871,204497,676337,321653,414179,334225,247308,51,0,0,1902719,0,90,880871,204497,676337,321653,414179,334225,247308,51,0,0,1902719,0,131,880871,204497,676337,321653,414179,334225,247308,51,0,0,1902719,0,236,880871,204497,676337,321653,414179,334225,247308,51,0,0,1902719,0,355,880871,204497,676337,321653,414179,334225,247308,51,0,0,1902719,0,-1402,880871,204497,676337,321653,414179,334225,247308,51,0,0,1902719,0,-785,880871,204497,676337,321653,414179,334225,247308,51,0,0,1902719,0,1872,880871,204497,676337,321653,414179,334225,247308,51,0,0,1902719,0,309,880871,204497,676337,321653,414179,334225,247308,51,0,0,1902719,0,75,880871,204497,676337,321653,414179,334225,247308,51,0
3,0,1902719,0,90,880871,204497,676337,321653,414179,334225,247308,51,0,0,1902719,0,131,880871,204497,676337,321653,414179,334225,247308,51,0,0,1902719,0,236,880871,204497,676337,321653,414179,334225,247308,51,0,0,1902719,0,355,880871,204497,676337,321653,414179,334225,247308,51,0,0,1902719,0,-1402,880871,204497,676337,321653,414179,334225,247308,51,0,0,1902719,0,-785,880871,204497,676337,321653,414179,334225,247308,51,0,0,1902719,0,1872,880871,204497,676337,321653,414179,334225,247308,51,0,0,1902719,0,309,880871,204497,676337,321653,414179,334225,247308,51,0,0,1902719,0,75,880871,204497,676337,321653,414179,334225,247308,51,0,0,918429,0,49,329848,18183,39707,43560,98415,13947,76532,51,0
3,0,1902719,0,131,880871,204497,676337,321653,414179,334225,247308,51,0,0,1902719,0,236,880871,204497,676337,321653,414179,334225,247308,51,0,0,1902719,0,355,880871,204497,676337,321653,414179,334225,247308,51,0,0,1902719,0,-1402,880871,204497,676337,321653,414179,334225,247308,51,0,0,1902719,0,-785,880871,204497,676337,321653,414179,334225,247308,51,0,0,1902719,0,1872,880871,204497,676337,321653,414179,334225,247308,51,0,0,1902719,0,309,880871,204497,676337,321653,414179,334225,247308,51,0,0,1902719,0,75,880871,204497,676337,321653,414179,334225,247308,51,0,0,918429,0,49,329848,18183,39707,43560,98415,13947,76532,51,0,0,918429,0,44,329848,18183,39707,43560,98415,13947,76532,51,0
3,0,1902719,0,236,880871,204497,676337,321653,414179,334225,247308,51,0,0,1902719,0,355,880871,204497,676337,321653,414179,334225,247308,51,0,0,1902719,0,-1402,880871,204497,676337,321653,414179,334225,247308,51,0,0,1902719,0,-785,880871,204497,676337,321653,414179,334225,247308,51,0,0,1902719,0,1872,880871,204497,676337,321653,414179,334225,247308,51,0,0,1902719,0,309,880871,204497,676337,321653,414179,334225,247308,51,0,0,1902719,0,75,880871,204497,676337,321653,414179,334225,247308,51,0,0,918429,0,49,329848,18183,39707,43560,98415,13947,76532,51,0,0,918429,0,44,329848,18183,39707,43560,98415,13947,76532,51,0,0,918429,0,44,329848,18183,39707,43560,98415,13947,76532,51,0
3,0,1902719,0,355,880871,204497,676337,321653,414179,334225,247308,51,0,0,1902719,0,-1402,880871,204497,676337,321653,414179,334225,247308,51,0,0,1902719,0,-785,880871,204497,676337,321653,414179,334225,247308,51,0,0,1902719,0,1872,880871,204497,676337,321653,414179,334225,247308,51,0,0,1902719,0,309,880871,204497,676337,321653,414179,334225,247308,51,0,0,1902719,0,75,880871,204497,676337,321653,414179,334225,247308,51,0,0,918429,0,49,329848,18183,39707,43560,98415,13947,76532,51,0,0,918429,0,44,329848,18183,39707,43560,98415,13947,76532,51,0,0,918429,0,44,329848,18183,39707,43560,98415,13947,76532,51,0,0,918429,0,48,329848,18183,39707,43560,98415,13947,76532,51,0
3,0,1902719,0,-1402,880871,204497,676337,321653,414179,334225,247308,51,0,0,1902719,0,-785,880871,204497,676337,321653,414179,334225,247308,51,0,0,1902719,0,1872,880871,204497,676337,321653,414179,334225,247308,51,0,0,1902719,0,309,880871,204497,676337,321653,414179,334225,247308,51,0,0,1902719,0,75,880871,204497,676337,321653,414179,334225,247308,51,0,0,918429,0,49,329848,18183,39707,43560,98415,13947,76532,51,0,0,918429,0,44,329848,18183,39707,43560,98415,13947,76532,51,0,0,918429,0,44,329848,18183,39707,43560,98415,13947,76532,51,0,0,918429,0,48,329848,18183,39707,43560,98415,13947,76532,51,0,0,918429,0,50,329848,18183,39707,43560,98415,13947,76532,51,0
3,0,1902719,0,-785,880871,204497,676337,321653,414179,334225,247308,51,0,0,1902719,0,1872,880871,204497,676337,321653,414179,334225,247308,51,0,0,1902719,0,309,880871,204497,676337,321653,414179,334225,247308,51,0,0,1902719,0,75,880871,204497,676337,321653,414179,334225,247308,51,0,0,918429,0,49,329848,18183,39707,43560,98415,13947,76532,51,0,0,918429,0,44,329848,18183,39707,43560,98415,13947,76532,51,0,0,918429,0,44,329848,18183,39707,43560,98415,13947,76532,51,0,0,918429,0,48,329848,18183,39707,43560,98415,13947,76532,51,0,0,918429,0,50,329848,18183,39707,43560,98415,13947,76532,51,0,0,918429,0,-293,329848,18183,39707,43560,98415,13947,76532,51,0
3,0,1902719,0,1872,880871,204497,676337,321653,414179,334225,247308,51,0,0,1902719,0,309,880871,204497,676337,321653,414179,334225,247308,51,0,0,1902719,0,75,880871,204497,676337,321653,414179,334225,247308,51,0,0,918429,0,49,329848,18183,39707,43560,98415,13947,76532,51,0,0,918429,0,44,329848,18183,39707,43560,98415,13947,76532,51,0,0,918429,0,44,329848,18183,39707,43560,98415,13947,76532,51,0,0,918429,0,48,329848,18183,39707,43560,98415,13947,76532,51,0,0,918429,0,50,329848,18183,39707,43560,98415,13947,76532,51,0,0,918429,0,-293,329848,18183,39707,43560,98415,13947,76532,51,0,0,918429,0,-686,329848,18183,39707,43560,98415,13947,76532,51,0
3,0,1902719,0,309,880871,204497,676337,321653,414179,334225,247308,51,0,0,1902719,0,75,880871,204497,676337,321653,414179,334225,247308,51,0,0,918429,0,49,329848,18183,39707,43560,98415,13947,76532,51,0,0,918429,0,44,329848,18183,39707,43560,98415,13947,76532,51,0,0,918429,0,44,329848,18183,39707,43560,98415,13947,76532,51,0,0,918429,0,48,329848,18183,39707,43560,98415,13947,76532,51,0,0,918429,0,50,329848,18183,39707,43560,98415,13947,76532,51,0,0,918429,0,-293,329848,18183,39707,43560,98415,13947,76532,51,0,0,918429,0,-686,329848,18183,39707,43560,98415,13947,76532,51,0,0,918429,0,-123,329848,18183,39707,43560,98415,13947,76532,51,0
3,0,1902719,0,75,880871,204497,676337,321653,414179,334225,247308,51,0,0,918429,0,49,329848,18183,39707,43560,98415,13947,76532,51,0,0,918429,0,44,329848,18183,39707,43560,98415,13947,76532,51,0,0,918429,0,44,329848,18183,39707,43560,98415,13947,76532,51,0,0,918429,0,48,329848,18183,39707,43560,98415,13947,76532,51,0,0,918429,0,50,329848,18183,39707,43560,98415,13947,76532,51,0,0,918429,0,-293,329848,18183,39707,43560,98415,13947,76532,51,0,0,918429,0,-686,329848,18183,39707,43560,98415,13947,76532,51,0,0,918429,0,-123,329848,18183,39707,43560,98415,13947,76532,51,0,0,918429,0,-2048,329848,18183,39707,43560,98415,13947,76532,51,0
3,0,918429,0,49,329848,18183,39707,43560,98415,13947,76532,51,0,0,918429,0,44,329848,18183,39707,43560,98415,13947,76532,51,0,0,918429,0,44,329848,18183,39707,43560,98415,13947,76532,51,0,0,918429,0,48,329848,18183,39707,43560,98415,13947,76532,51,0,0,918429,0,50,329848,18183,39707,43560,98415,13947,76532,51,0,0,918429,0,-293,329848,18183,39707,43560,98415,13947,76532,51,0,0,918429,0,-686,329848,18183,39707,43560,98415,13947,76532,51,0,0,918429,0,-123,329848,18183,39707,43560,98415,13947,76532,51,0,0,918429,0,-2048,329848,18183,39707,43560,98415,13947,76532,51,0,0,918429,0,928,329848,18183,39707,43560,98415,13947,76532,51,0
3,0,918429,0,44,329848,18183,39707,43560,98415,13947,76532,51,0,0,918429,0,44,329848,18183,39707,43560,98415,13947,76532,51,0,0,918429,0,48,329848,18183,39707,43560,98415,13947,76532,51,0,0,918429,0,50,329848,18183,39707,43560,98415,13947,76532,51,0,0,918429,0,-293,329848,18183,39707,43560,98415,13947,76532,51,0,0,918429,0,-686,329848,18183,39707,43560,98415,13947,76532,51,0,0,918429,0,-123,329848,18183,39707,43560,98415,13947,76532,51,0,0,918429,0,-2048,329848,18183,39707,43560,98415,13947,76532,51,0,0,918429,0,928,329848,18183,39707,43560,98415,13947,76532,51,0,0,660361,0,198,787980,87111,39148,65760,189187,53060,87556,51,0
3,0,918429,0,44,329848,18183,39707,43560,98415,13947,76532,51,0,0,918429,0,48,329848,18183,39707,43560,98415,13947,76532,51,0,0,918429,0,50,329848,18183,39707,43560,98415,13947,76532,51,0,0,918429,0,-293,329848,18183,39707,43560,98415,13947,76532,51,0,0,918429,0,-686,329848,18183,39707,43560,98415,13947,76532,51,0,0,918429,0,-123,329848,18183,39707,43560,98415,13947,76532,51,0,0,918429,0,-2048,329848,18183,39707,43560,98415,13947,76532,51,0,0,918429,0,928,329848,18183,39707,43560,98415,13947,76532,51,0,0,660361,0,198,787980,87111,39148,65760,189187,53060,87556,51,0,0,660361,0,61,787980,87111,39148,65760,189187,53060,87556,51,0
3,0,918429,0,48,329848,18183,39707,43560,98415,13947,76532,51,0,0,918429,0,50,329848,18183,39707,43560,98415,13947,76532,51,0,0,918429,0,-293,329848,18183,39707,43560,98415,13947,76532,51,0,0,918429,0,-686,329848,18183,39707,43560,98415,13947,76532,51,0,0,918429,0,-123,329848,18183,39707,43560,98415,13947,76532,51,0,0,918429,0,-2048,329848,18183,39707,43560,98415,13947,76532,51,0,0,918429,0,928,329848,18183,39707,43560,98415,13947,76532,51,0,0,660361,0,198,787980,87111,39148,65760,189187,53060,87556,51,0,0,660361,0,61,787980,87111,39148,65760,189187,53060,87556,51,0,0,660361,0,48,787980,87111,39148,65760,189187,53060,87556,51,0
3,0,918429,0,50,329848,18183,39707,43560,98415,13947,76532,51,0,0,918429,0,-293,329848,18183,39707,43560,98415,13947,76532,51,0,0,918429,0,-686,329848,18183,39707,43560,98415,13947,76532,51,0,0,918429,0,-123,329848,18183,39707,43560,98415,13947,76532,51,0,0,918429,0,-2048,329848,18183,39707,43560,98415,13947,76532,51,0,0,918429,0,928,329848,18183,39707,43560,98415,13947,76532,51,0,0,660361,0,198,787980,87111,39148,65760,189187,53060,87556,51,0,0,660361,0,61,787980,87111,39148,65760,189187,53060,87556,51,0,0,660361,0,48,787980,87111,39148,65760,189187,53060,87556,51,0,0,660361,0,44,787980,87111,39148,65760,189187,53060,87556,51,0
3,0,918429,0,-293,329848,18183,39707,43560,98415,13947,76532,51,0,0,918429,0,-686,329848,18183,39707,43560,98415,13947,76532,51,0,0,918429,0,-123,329848,18183,39707,43560,98415,13947,76532,51,0,0,918429,0,-2048,329848,18183,39707,43560,98415,13947,76532,51,0,0,918429,0,928,329848,18183,39707,43560,98415,13947,76532,51,0,0,660361,0,198,787980,87111,39148,65760,189187,53060,87556,51,0,0,660361,0,61,787980,87111,39148,65760,189187,53060,87556,51,0,0,660361,0,48,787980,87111,39148,65760,189187,53060,87556,51,0,0,660361,0,44,787980,87111,39148,65760,189187,53060,87556,51,0,0,660361,0,43,787980,87111,39148,65760,189187,53060,87556,51,0
3,0,918429,0,-686,329848,18183,39707,43560,98415,13947,76532,51,0,0,918429,0,-123,329848,18183,39707,43560,98415,13947,76532,51,0,0,918429,0,-2048,329848,18183,39707,43560,98415,13947,76532,51,0,0,918429,0,928,329848,18183,39707,43560,98415,13947,76532,51,0,0,660361,0,198,787980,87111,39148,65760,189187,53060,87556,51,0,0,660361,0,61,787980,87111,39148,65760,189187,53060,87556,51,0,0,660361,0,48,787980,87111,39148,65760,189187,53060,87556,51,0,0,660361,0,44,787980,87111,39148,65760,189187,53060,87556,51,0,0,660361,0,43,787980,87111,39148,65760,189187,53060,87556,51,0,0,660361,0,-2048,787980,87111,39148,65760,189187,53060,87556,51,0
3,0,918429,0,-123,329848,18183,39707,43560,98415,13947,76532,51,0,0,918429,0,-2048,329848,18183,39707,43560,98415,13947,76532,51,0,0,918429,0,928,329848,18183,39707,43560,98415,13947,76532,51,0,0,660361,0,198,787980,87111,39148,65760,189187,53060,87556,51,0,0,660361,0,61,787980,87111,39148,65760,189187,53060,87556,51,0,0,660361,0,48,787980,87111,39148,65760,189187,53060,87556,51,0,0,660361,0,44,787980,87111,39148,65760,189187,53060,87556,51,0,0,660361,0,43,787980,87111,39148,65760,189187,53060,87556,51,0,0,660361,0,-2048,787980,87111,39148,65760,189187,53060,87556,51,0,0,660361,0,-539,787980,87111,39148,65760,189187,53060,87556,51,0
3,0,918429,0,-2048,329848,18183,39707,43560,98415,13947,76532,51,0,0,918429,0,928,329848,18183,39707,43560,98415,13947,76532,51,0,0,660361,0,198,787980,87111,39148,65760,189187,53060,87556,51,0,0,660361,0,61,787980,87111,39148,65760,189187,53060,87556,51,0,0,660361,0,48,787980,87111,39148,65760,189187,53060,87556,51,0,0,660361,0,44,787980,87111,39148,65760,189187,53060,87556,51,0,0,660361,0,43,787980,87111,39148,65760,189187,53060,87556,51,0,0,660361,0,-2048,787980,87111,39148,65760,189187,53060,87556,51,0,0,660361,0,-539,787980,87111,39148,65760,189187,53060,87556,51,0,0,660361,0,1155,787980,87111,39148,65760,189187,53060,87556,51,0
3,0,918429,0,928,329848,18183,39707,43560,98415,13947,76532,51,0,0,660361,0,198,787980,87111,39148,65760,189187,53060,87556,51,0,0,660361,0,61,787980,87111,39148,65760,189187,53060,87556,51,0,0,660361,0,48,787980,87111,39148,65760,189187,53060,87556,51,0,0,660361,0,44,787980,87111,39148,65760,189187,53060,87556,51,0,0,660361,0,43,787980,87111,39148,65760,189187,53060,87556,51,0,0,660361,0,-2048,787980,87111,39148,65760,189187,53060,87556,51,0,0,660361,0,-539,787980,87111,39148,65760,189187,53060,87556,51,0,0,660361,0,1155,787980,87111,39148,65760,189187,53060,87556,51,0,0,660361,0,321,787980,87111,39148,65760,189187,53060,87556,51,0
3,0,660361,0,198,787980,87111,39148,65760,189187,53060,87556,51,0,0,660361,0,61,787980,87111,39148,65760,189187,53060,87556,51,0,0,660361,0,48,787980,87111,39148,65760,189187,53060,87556,51,0,0,660361,0,44,787980,87111,39148,65760,189187,53060,87556,51,0,0,660361,0,43,787980,87111,39148,65760,189187,53060,87556,51,0,0,660361,0,-2048,787980,87111,39148,65760,189187,53060,87556,51,0,0,660361,0,-539,787980,87111,39148,65760,189187,53060,87556,51,0,0,660361,0,1155,787980,87111,39148,65760,189187,53060,87556,51,0,0,660361,0,321,787980,87111,39148,65760,189187,53060,87556,51,0,0,660361,0,420,787980,87111,39148,65760,189187,53060,87556,51,0
3,0,660361,0,61,787980,87111,39148,65760,189187,53060,87556,51,0,0,660361,0,48,787980,87111,39148,65760,189187,53060,87556,51,0,0,660361,0,44,787980,87111,39148,65760,189187,53060,87556,51,0,0,660361,0,43,787980,87111,39148,65760,189187,53060,87556,51,0,0,660361,0,-2048,787980,87111,39148,65760,189187,53060,87556,51,0,0,660361,0,-539,787980,87111,39148,65760,189187,53060,87556,51,0,0,660361,0,1155,787980,87111,39148,65760,189187,53060,87556,51,0,0,660361,0,321,787980,87111,39148,65760,189187,53060,87556,51,0,0,660361,0,420,787980,87111,39148,65760,189187,53060,87556,51,0,0,907952,0,2047,1244140,1052092,388862,456035,474383,114985,370847,51,0
3,0,660361,0,48,787980,87111,39148,65760,189187,53060,87556,51,0,0,660361,0,44,787980,87111,39148,65760,189187,53060,87556,51,0,0,660361,0,43,787980,87111,39148,65760,189187,53060,87556,51,0,0,660361,0,-2048,787980,87111,39148,65760,189187,53060,87556,51,0,0,660361,0,-539,787980,87111,39148,65760,189187,53060,87556,51,0,0,660361,0,1155,787980,87111,39148,65760,189187,53060,87556,51,0,0,660361,0,321,787980,87111,39148,65760,189187,53060,87556,51,0,0,660361,0,420,787980,87111,39148,65760,189187,53060,87556,51,0,0,907952,0,2047,1244140,1052092,388862,456035,474383,114985,370847,51,0,0,907952,0,306,1244140,1052092,388862,456035,474383,114985,370847,51,0
3,0,660361,0,44,787980,87111,39148,65760,189187,53060,87556,51,0,0,660361,0,43,787980,87111,39148,65760,189187,53060,87556,51,0,0,660361,0,-2048,787980,87111,39148,65760,189187,53060,87556,51,0,0,660361,0,-539,787980,87111,39148,65760,189187,53060,87556,51,0,0,660361,0,1155,787980,87111,39148,65760,189187,53060,87556,51,0,0,660361,0,321,787980,87111,39148,65760,189187,53060,87556,51,0,0,660361,0,420,787980,87111,39148,65760,189187,53060,87556,51,0,0,907952,0,2047,1244140,1052092,388862,456035,474383,114985,370847,51,0,0,907952,0,306,1244140,1052092,388862,456035,474383,114985,370847,51,0,0,907952,0,85,1244140,1052092,388862,456035,474383,114985,370847,51,0
3,0,660361,0,43,787980,87111,39148,65760,189187,53060,87556,51,0,0,660361,0,-2048,787980,87111,39148,65760,189187,53060,87556,51,0,0,660361,0,-539,787980,87111,39148,65760,189187,53060,87556,51,0,0,660361,0,1155,787980,87111,39148,65760,189187,53060,87556,51,0,0,660361,0,321,787980,87111,39148,65760,189187,53060,87556,51,0,0,660361,0,420,787980,87111,39148,65760,189187,53060,87556,51,0,0,907952,0,2047,1244140,1052092,388862,456035,474383,114985,370847,51,0,0,907952,0,306,1244140,1052092,388862,456035,474383,114985,370847,51,0,0,907952,0,85,1244140,1052092,388862,456035,474383,114985,370847,51,0,0,907952,0,51,1244140,1052092,388862,456035,474383,114985,370847,51,0
3,0,660361,0,-2048,787980,87111,39148,65760,189187,53060,87556,51,0,0,660361,0,-539,787980,87111,39148,65760,189187,53060,87556,51,0,0,660361,0,1155,787980,87111,39148,65760,189187,53060,87556,51,0,0,660361,0,321,787980,87111,39148,65760,189187,53060,87556,51,0,0,660361,0,420,787980,87111,39148,65760,189187,53060,87556,51,0,0,907952,0,2047,1244140,1052092,388862,456035,474383,114985,370847,51,0,0,907952,0,306,1244140,1052092,388862,456035,474383,114985,370847,51,0,0,907952,0,85,1244140,1052092,388862,456035,474383,114985,370847,51,0,0,907952,0,51,1244140,1052092,388862,456035,474383,114985,370847,51,0,0,907952,0,44,1244140,1052092,388862,456035,474383,114985,370847,51,0
3,0,660361,0,-539,787980,87111,39148,65760,189187,53060,87556,51,0,0,660361,0,1155,787980,87111,39148,65760,189187,53060,87556,51,0,0,660361,0,321,787980,87111,39148,65760,189187,53060,87556,51,0,0,660361,0,420,787980,87111,39148,65760,189187,53060,87556,51,0,0,907952,0,2047,1244140,1052092,388862,456035,474383,114985,370847,51,0,0,907952,0,306,1244140,1052092,388862,456035,474383,114985,370847,51,0,0,907952,0,85,1244140,1052092,388862,456035,474383,114985,370847,51,0,0,907952,0,51,1244140,1052092,388862,456035,474383,114985,370847,51,0,0,907952,0,44,1244140,1052092,388862,456035,474383,114985,370847,51,0,0,907952,0,44,1244140,1052092,388862,456035,474383,114985,370847,51,0
3,0,660361,0,1155,787980,87111,39148,65760,189187,53060,87556,51,0,0,660361,0,321,787980,87111,39148,65760,189187,53060,87556,51,0,0,660361,0,420,787980,87111,39148,65760,189187,53060,87556,51,0,0,907952,0,2047,1244140,1052092,388862,456035,474383,114985,370847,51,0,0,907952,0,306,1244140,1052092,388862,456035,474383,114985,370847,51,0,0,907952,0,85,1244140,1052092,388862,456035,474383,114985,370847,51,0,0,907952,0,51,1244140,1052092,388862,456035,474383,114985,370847,51,0,0,907952,0,44,1244140,1052092,388862,456035,474383,114985,370847,51,0,0,907952,0,44,1244140,1052092,388862,456035,474383,114985,370847,51,0,0,907952,0,25,1244140,1052092,388862,456035,474383,114985,370847,51,0
3,0,660361,0,321,787980,87111,39148,65760,189187,53060,87556,51,0,0,660361,0,420,787980,87111,39148,65760,189187,53060,87556,51,0,0,907952,0,2047,1244140,1052092,388862,456035,474383,114985,370847,51,0,0,907952,0,306,1244140,1052092,388862,456035,474383,114985,370847,51,0,0,907952,0,85,1244140,1052092,388862,456035,474383,114985,370847,51,0,0,907952,0,51,1244140,1052092,388862,456035,474383,114985,370847,51,0,0,907952,0,44,1244140,1052092,388862,456035,474383,114985,370847,51,0,0,907952,0,44,1244140,1052092,388862,456035,474383,114985,370847,51,0,0,907952,0,25,1244140,1052092,388862,456035,474383,114985,370847,51,0,0,907952,0,-709,1244140,1052092,388862,456035,474383,114985,370847,51,0
3,0,660361,0,420,787980,87111,39148,65760,189187,53060,87556,51,0,0,907952,0,2047,1244140,1052092,388862,456035,474383,114985,370847,51,0,0,907952,0,306,1244140,1052092,388862,456035,474383,114985,370847,51,0,0,907952,0,85,1244140,1052092,388862,456035,474383,114985,370847,51,0,0,907952,0,51,1244140,1052092,388862,456035,474383,114985,370847,51,0,0,907952,0,44,1244140,1052092,388862,456035,474383,114985,370847,51,0,0,907952,0,44,1244140,1052092,388862,456035,474383,114985,370847,51,0,0,907952,0,25,1244140,1052092,388862,456035,474383,114985,370847,51,0,0,907952,0,-709,1244140,1052092,388862,456035,474383,114985,370847,51,0,0,907952,0,2047,1244140,1052092,388862,456035,474383,114985,370847,51,0
3,0,907952,0,2047,1244140,1052092,388862,456035,474383,114985,370847,51,0,0,907952,0,306,1244140,1052092,388862,456035,474383,114985,370847,51,0,0,907952,0,85,1244140,1052092,388862,456035,474383,114985,370847,51,0,0,907952,0,51,1244140,1052092,388862,456035,474383,114985,370847,51,0,0,907952,0,44,1244140,1052092,388862,456035,474383,114985,370847,51,0,0,907952,0,44,1244140,1052092,388862,456035,474383,114985,370847,51,0,0,907952,0,25,1244140,1052092,388862,456035,474383,114985,370847,51,0,0,907952,0,-709,1244140,1052092,388862,456035,474383,114985,370847,51,0,0,907952,0,2047,1244140,1052092,388862,456035,474383,114985,370847,51,0,0,907952,0,409,1244140,1052092,388862,456035,474383,114985,370847,51,0
3,0,907952,0,306,1244140,1052092,388862,456035,474383,114985,370847,51,0,0,907952,0,85,1244140,1052092,388862,456035,474383,114985,370847,51,0,0,907952,0,51,1244140,1052092,388862,456035,474383,114985,370847,51,0,0,907952,0,44,1244140,1052092,388862,456035,474383,114985,370847,51,0,0,907952,0,44,1244140,1052092,388862,456035,474383,114985,370847,51,0,0,907952,0,25,1244140,1052092,388862,456035,474383,114985,370847,51,0,0,907952,0,-709,1244140,1052092,388862,456035,474383,114985,370847,51,0,0,907952,0,2047,1244140,1052092,388862,456035,474383,114985,370847,51,0,0,907952,0,409,1244140,1052092,388862,456035,474383,114985,370847,51,0,0,1552666,0,169,265690,120481,97326,85478,68582,56875,37461,51,0
3,0,907952,0,85,1244140,1052092,388862,456035,474383,114985,370847,51,0,0,907952,0,51,1244140,1052092,388862,456035,474383,114985,370847,51,0,0,907952,0,44,1244140,1052092,388862,456035,474383,114985,370847,51,0,0,907952,0,44,1244140,1052092,388862,456035,474383,114985,370847,51,0,0,907952,0,25,1244140,1052092,388862,456035,474383,114985,370847,51,0,0,907952,0,-709,1244140,1052092,388862,456035,474383,114985,370847,51,0,0,907952,0,2047,1244140,1052092,388862,456035,474383,114985,370847,51,0,0,907952,0,409,1244140,1052092,388862,456035,474383,114985,370847,51,0,0,1552666,0,169,265690,120481,97326,85478,68582,56875,37461,51,0,0,1552666,0,100,265690,120481,97326,85478,68582,56875,37461,51,0
3,0,907952,0,51,1244140,1052092,388862,456035,474383,114985,370847,51,0,0,907952,0,44,1244140,1052092,388862,456035,474383,114985,370847,51,0,0,907952,0,44,1244140,1052092,388862,456035,474383,114985,370847,51,0,0,907952,0,25,1244140,1052092,388862,456035,474383,114985,370847,51,0,0,907952,0,-709,1244140,1052092,388862,456035,474383,114985,370847,51,0,0,907952,0,2047,1244140,1052092,388862,456035,474383,114985,370847,51,0,0,907952,0,409,1244140,1052092,388862,456035,474383,114985,370847,51,0,0,1552666,0,169,265690,120481,97326,85478,68582,56875,37461,51,0,0,1552666,0,100,265690,120481,97326,85478,68582,56875,37461,51,0,0,1552666,0,1233,265690,120481,97326,85478,68582,56875,37461,51,0
3,0,907952,0,44,1244140,1052092,388862,456035,474383,114985,370847,51,0,0,907952,0,44,1244140,1052092,388862,456035,474383,114985,370847,51,0,0,907952,0,25,1244140,1052092,388862,456035,474383,114985,370847,51,0,0,907952,0,-709,1244140,1052092,388862,456035,474383,114985,370847,51,0,0,907952,0,2047,1244140,1052092,388862,456035,474383,114985,370847,51,0,0,907952,0,409,1244140,1052092,388862,456035,474383,114985,370847,51,0,0,1552666,0,169,265690,120481,97326,85478,68582,56875,37461,51,0,0,1552666,0,100,265690,120481,97326,85478,68582,56875,37461,51,0,0,1552666,0,1233,265690,120481,97326,85478,68582,56875,37461,51,0,0,1552666,0,229,265690,120481,97326,85478,68582,56875,37461,51,0
3,0,907952,0,44,1244140,1052092,388862,456035,474383,114985,370847,51,0,0,907952,0,25,1244140,1052092,388862,456035,474383,114985,370847,51,0,0,907952,0,-709,1244140,1052092,388862,456035,474383,114985,370847,51,0,0,907952,0,2047,1244140,1052092,388862,456035,474383,114985,370847,51,0,0,907952,0,409,1244140,1052092,388862,456035,474383,114985,370847,51,0,0,1552666,0,169,265690,120481,97326,85478,68582,56875,37461,51,0,0,1552666,0,100,265690,120481,97326,85478,68582,56875,37461,51,0,0,1552666,0,1233,265690,120481,97326,85478,68582,56875,37461,51,0,0,1552666,0,229,265690,120481,97326,85478,68582,56875,37461,51,0,0,1552666,0,73,265690,120481,97326,85478,68582,56875,37461,51,0
3,0,907952,0,25,1244140,1052092,388862,456035,474383,114985,370847,51,0,0,907952,0,-709,1244140,1052092,388862,456035,474383,114985,370847,51,0,0,907952,0,2047,1244140,1052092,388862,456035,474383,114985,370847,51,0,0,907952,0,409,1244140,1052092,388862,456035,474383,114985,370847,51,0,0,1552666,0,169,265690,120481,97326,85478,68582,56875,37461,51,0,0,1552666,0,100,265690,120481,97326,85478,68582,56875,37461,51,0,0,1552666,0,1233,265690,120481,97326,85478,68582,56875,37461,51,0,0,1552666,0,229,265690,120481,97326,85478,68582,56875,37461,51,0,0,1552666,0,73,265690,120481,97326,85478,68582,56875,37461,51,0,0,1552666,0,50,265690,120481,97326,85478,68582,56875,37461,51,0
3,0,907952,0,-709,1244140,1052092,388862,456035,474383,114985,370847,51,0,0,907952,0,2047,1244140,1052092,388862,456035,474383,114985,370847,51,0,0,907952,0,409,1244140,1052092,388862,456035,474383,114985,370847,51,0,0,1552666,0,169,265690,120481,97326,85478,68582,56875,37461,51,0,0,1552666,0,100,265690,120481,97326,85478,68582,56875,37461,51,0,0,1552666,0,1233,265690,120481,97326,85478,68582,56875,37461,51,0,0,1552666,0,229,265690,120481,97326,85478,68582,56875,37461,51,0,0,1552666,0,73,265690,120481,97326,85478,68582,56875,37461,51,0,0,1552666,0,50,265690,120481,97326,85478,68582,56875,37461,51,0,0,1552666,0,44,265690,120481,97326,85478,68582,56875,37461,51,0
3,0,907952,0,2047,1244140,1052092,388862,456035,474383,114985,370847,51,0,0,907952,0,409,1244140,1052092,388862,456035,474383,114985,370847,51,0,0,1552666,0,169,265690,120481,97326,85478,68582,56875,37461,51,0,0,1552666,0,100,265690,120481,97326,85478,68582,56875,37461,51,0,0,1552666,0,1233,265690,120481,97326,85478,68582,56875,37461,51,0,0,1552666,0,229,265690,120481,97326,85478,68582,56875,37461,51,0,0,1552666,0,73,265690,120481,97326,85478,68582,56875,37461,51,0,0,1552666,0,50,265690,120481,97326,85478,68582,56875,37461,51,0,0,1552666,0,44,265690,120481,97326,85478,68582,56875,37461,51,0,0,1552666,0,48,265690,120481,97326,85478,68582,56875,37461,51,0
3,0,907952,0,409,1244140,1052092,388862,456035,474383,114985,370847,51,0,0,1552666,0,169,265690,120481,97326,85478,68582,56875,37461,51,0,0,1552666,0,100,265690,120481,97326,85478,68582,56875,37461,51,0,0,1552666,0,1233,265690,120481,97326,85478,68582,56875,37461,51,0,0,1552666,0,229,265690,120481,97326,85478,68582,56875,37461,51,0,0,1552666,0,73,265690,120481,97326,85478,68582,56875,37461,51,0,0,1552666,0,50,265690,120481,97326,85478,68582,56875,37461,51,0,0,1552666,0,44,265690,120481,97326,85478,68582,56875,37461,51,0,0,1552666,0,48,265690,120481,97326,85478,68582,56875,37461,51,0,0,1552666,0,-2048,265690,120481,97326,85478,68582,56875,37461,51,0
3,0,1552666,0,169,265690,120481,97326,85478,68582,56875,37461,51,0,0,1552666,0,100,265690,120481,97326,85478,68582,56875,37461,51,0,0,1552666,0,1233,265690,120481,97326,85478,68582,56875,37461,51,0,0,1552666,0,229,265690,120481,97326,85478,68582,56875,37461,51,0,0,1552666,0,73,265690,120481,97326,85478,68582,56875,37461,51,0,0,1552666,0,50,265690,120481,97326,85478,68582,56875,37461,51,0,0,1552666,0,44,265690,120481,97326,85478,68582,56875,37461,51,0,0,1552666,0,48,265690,120481,97326,85478,68582,56875,37461,51,0,0,1552666,0,-2048,265690,120481,97326,85478,68582,56875,37461,51,0,0,1552666,0,-630,265690,120481,97326,85478,68582,56875,37461,51,0
3,0,1552666,0,100,265690,120481,97326,85478,68582,56875,37461,51,0,0,1552666,0,1233,265690,120481,97326,85478,68582,56875,37461,51,0,0,1552666,0,229,265690,120481,97326,85478,68582,56875,37461,51,0,0,1552666,0,73,265690,120481,97326,85478,68582,56875,37461,51,0,0,1552666,0,50,265690,120481,97326,85478,68582,56875,37461,51,0,0,1552666,0,44,265690,120481,97326,85478,68582,56875,37461,51,0,0,1552666,0,48,265690,120481,97326,85478,68582,56875,37461,51,0,0,1552666,0,-2048,265690,120481,97326,85478,68582,56875,37461,51,0,0,1552666,0,-630,265690,120481,97326,85478,68582,56875,37461,51,0,0,802890,0,1476,166713,181207,45815,58365,78122,97744,177061,51,0
3,0,1552666,0,1233,265690,120481,97326,85478,68582,56875,37461,51,0,0,1552666,0,229,265690,120481,97326,85478,68582,56875,37461,51,0,0,1552666,0,73,265690,120481,97326,85478,68582,56875,37461,51,0,0,1552666,0,50,265690,120481,97326,85478,68582,56875,37461,51,0,0,1552666,0,44,265690,120481,97326,85478,68582,56875,37461,51,0,0,1552666,0,48,265690,120481,97326,85478,68582,56875,37461,51,0,0,1552666,0,-2048,265690,120481,97326,85478,68582,56875,37461,51,0,0,1552666,0,-630,265690,120481,97326,85478,68582,56875,37461,51,0,0,802890,0,1476,166713,181207,45815,58365,78122,97744,177061,51,0,0,802890,0,-995,166713,181207,45815,58365,78122,97744,177061,51,0
3,0,1552666,0,229,265690,120481,97326,85478,68582,56875,37461,51,0,0,1552666,0,73,265690,120481,97326,85478,68582,56875,37461,51,0,0,1552666,0,50,265690,120481,97326,85478,68582,56875,37461,51,0,0,1552666,0,44,265690,120481,97326,85478,68582,56875,37461,51,0,0,1552666,0,48,265690,120481,97326,85478,68582,56875,37461,51,0,0,1552666,0,-2048,265690,120481,97326,85478,68582,56875,37461,51,0,0,1552666,0,-630,265690,120481,97326,85478,68582,56875,37461,51,0,0,802890,0,1476,166713,181207,45815,58365,78122,97744,177061,51,0,0,802890,0,-995,166713,181207,45815,58365,78122,97744,177061,51,0,0,802890,0,364,166713,181207,45815,58365,78122,97744,177061,51,0
3,0,1552666,0,73,265690,120481,97326,85478,68582,56875,37461,51,0,0,1552666,0,50,265690,120481,97326,85478,68582,56875,37461,51,0,0,1552666,0,44,265690,120481,97326,85478,68582,56875,37461,51,0,0,1552666,0,48,265690,120481,97326,85478,68582,56875,37461,51,0,0,1552666,0,-2048,265690,120481,97326,85478,68582,56875,37461,51,0,0,1552666,0,-630,265690,120481,97326,85478,68582,56875,37461,51,0,0,802890,0,1476,166713,181207,45815,58365,78122,97744,177061,51,0,0,802890,0,-995,166713,181207,45815,58365,78122,97744,177061,51,0,0,802890,0,364,166713,181207,45815,58365,78122,97744,177061,51,0,0,802890,0,2047,166713,181207,45815,58365,78122,97744,177061,51,0
3,0,1552666,0,50,265690,120481,97326,85478,68582,56875,37461,51,0,0,1552666,0,44,265690,120481,97326,85478,68582,56875,37461,51,0,0,1552666,0,48,265690,120481,97326,85478,68582,56875,37461,51,0,0,1552666,0,-2048,265690,120481,97326,85478,68582,56875,37461,51,0,0,1552666,0,-630,265690,120481,97326,85478,68582,56875,37461,51,0,0,802890,0,1476,166713,181207,45815,58365,78122,97744,177061,51,0,0,802890,0,-995,166713,181207,45815,58365,78122,97744,177061,51,0,0,802890,0,364,166713,181207,45815,58365,78122,97744,177061,51,0,0,802890,0,2047,166713,181207,45815,58365,78122,97744,177061,51,0,0,802890,0,573,166713,181207,45815,58365,78122,97744,177061,51,0
3,0,1552666,0,44,265690,120481,97326,85478,68582,56875,37461,51,0,0,1552666,0,48,265690,120481,97326,85478,68582,56875,37461,51,0,0,1552666,0,-2048,265690,120481,97326,85478,68582,56875,37461,51,0,0,1552666,0,-630,265690,120481,97326,85478,68582,56875,37461,51,0,0,802890,0,1476,166713,181207,45815,58365,78122,97744,177061,51,0,0,802890,0,-995,166713,181207,45815,58365,78122,97744,177061,51,0,0,802890,0,364,166713,181207,45815,58365,78122,97744,177061,51,0,0,802890,0,2047,166713,181207,45815,58365,78122,97744,177061,51,0,0,802890,0,573,166713,181207,45815,58365,78122,97744,177061,51,0,0,802890,0,128,166713,181207,45815,58365,78122,97744,177061,51,0
3,0,1552666,0,48,265690,120481,97326,85478,68582,56875,37461,51,0,0,1552666,0,-2048,265690,120481,97326,85478,68582,56875,37461,51,0,0,1552666,0,-630,265690,120481,97326,85478,68582,56875,37461,51,0,0,802890,0,1476,166713,181207,45815,58365,78122,97744,177061,51,0,0,802890,0,-995,166713,181207,45815,58365,78122,97744,177061,51,0,0,802890,0,364,166713,181207,45815,58365,78122,97744,177061,51,0,0,802890,0,2047,166713,181207,45815,58365,78122,97744,177061,51,0,0,802890,0,573,166713,181207,45815,58365,78122,97744,177061,51,0,0,802890,0,128,166713,181207,45815,58365,78122,97744,177061,51,0,0,802890,0,54,166713,181207,45815,58365,78122,97744,177061,51,0
3,0,1552666,0,-2048,265690,120481,97326,85478,68582,56875,37461,51,0,0,1552666,0,-630,265690,120481,97326,85478,68582,56875,37461,51,0,0,802890,0,1476,166713,181207,45815,58365,78122,97744,177061,51,0,0,802890,0,-995,166713,181207,45815,58365,78122,97744,177061,51,0,0,802890,0,364,166713,181207,45815,58365,78122,97744,177061,51,0,0,802890,0,2047,166713,181207,45815,58365,78122,97744,177061,51,0,0,802890,0,573,166713,181207,45815,58365,78122,97744,177061,51,0,0,802890,0,128,166713,181207,45815,58365,78122,97744,177061,51,0,0,802890,0,54,166713,181207,45815,58365,78122,97744,177061,51,0,0,802890,0,48,166713,181207,45815,58365,78122,97744,177061,51,0
3,0,1552666,0,-630,265690,120481,97326,85478,68582,56875,37461,51,0,0,802890,0,1476,166713,181207,45815,58365,78122,97744,177061,51,0,0,802890,0,-995,166713,181207,45815,58365,78122,97744,177061,51,0,0,802890,0,364,166713,181207,45815,58365,78122,97744,177061,51,0,0,802890,0,2047,166713,181207,45815,58365,78122,97744,177061,51,0,0,802890,0,573,166713,181207,45815,58365,78122,97744,177061,51,0,0,802890,0,128,166713,181207,45815,58365,78122,97744,177061,51,0,0,802890,0,54,166713,181207,45815,58365,78122,97744,177061,51,0,0,802890,0,48,166713,181207,45815,58365,78122,97744,177061,51,0,0,802890,0,44,166713,181207,45815,58365,78122,97744,177061,51,0
3,0,802890,0,1476,166713,181207,45815,58365,78122,97744,177061,51,0,0,802890,0,-995,166713,181207,45815,58365,78122,97744,177061,51,0,0,802890,0,364,166713,181207,45815,58365,78122,97744,177061,51,0,0,802890,0,2047,166713,181207,45815,58365,78122,97744,177061,51,0,0,802890,0,573,166713,181207,45815,58365,78122,97744,177061,51,0,0,802890,0,128,166713,181207,45815,58365,78122,97744,177061,51,0,0,802890,0,54,166713,181207,45815,58365,78122,97744,177061,51,0,0,802890,0,48,166713,181207,45815,58365,78122,97744,177061,51,0,0,802890,0,44,166713,181207,45815,58365,78122,97744,177061,51,0,0,802890,0,45,166713,181207,45815,58365,78122,97744,177061,51,0
3,0,802890,0,-995,166713,181207,45815,58365,78122,97744,177061,51,0,0,802890,0,364,166713,181207,45815,58365,78122,97744,177061,51,0,0,802890,0,2047,166713,181207,45815,58365,78122,97744,177061,51,0,0,802890,0,573,166713,181207,45815,58365,78122,97744,177061,51,0,0,802890,0,128,166713,181207,45815,58365,78122,97744,177061,51,0,0,802890,0,54,166713,181207,45815,58365,78122,97744,177061,51,0,0,802890,0,48,166713,181207,45815,58365,78122,97744,177061,51,0,0,802890,0,44,166713,181207,45815,58365,78122,97744,177061,51,0,0,802890,0,45,166713,181207,45815,58365,78122,97744,177061,51,0,0,323202,0,80,143114,62513,65443,75052,27720,18225,27456,51,0
3,0,802890,0,364,166713,181207,45815,58365,78122,97744,177061,51,0,0,802890,0,2047,166713,181207,45815,58365,78122,97744,177061,51,0,0,802890,0,573,166713,181207,45815,58365,78122,97744,177061,51,0,0,802890,0,128,166713,181207,45815,58365,78122,97744,177061,51,0,0,802890,0,54,166713,181207,45815,58365,78122,97744,177061,51,0,0,802890,0,48,166713,181207,45815,58365,78122,97744,177061,51,0,0,802890,0,44,166713,181207,45815,58365,78122,97744,177061,51,0,0,802890,0,45,166713,181207,45815,58365,78122,97744,177061,51,0,0,323202,0,80,143114,62513,65443,75052,27720,18225,27456,51,0,0,323202,0,-868,143114,62513,65443,75052,27720,18225,27456,51,0
3,0,802890,0,2047,166713,181207,45815,58365,78122,97744,177061,51,0,0,802890,0,573,166713,181207,45815,58365,78122,97744,177061,51,0,0,802890,0,128,166713,181207,45815,58365,78122,97744,177061,51,0,0,802890,0,54,166713,181207,45815,58365,78122,97744,177061,51,0,0,802890,0,48,166713,181207,45815,58365,78122,97744,177061,51,0,0,802890,0,44,166713,181207,45815,58365,78122,97744,177061,51,0,0,802890,0,45,166713,181207,45815,58365,78122,97744,177061,51,0,0,323202,0,80,143114,62513,65443,75052,27720,18225,27456,51,0,0,323202,0,-868,143114,62513,65443,75052,27720,18225,27456,51,0,0,323202,0,-781,143114,62513,65443,75052,27720,18225,27456,51,0
3,0,802890,0,573,166713,181207,45815,58365,78122,97744,177061,51,0,0,802890,0,128,166713,181207,45815,58365,78122,97744,177061,51,0,0,802890,0,54,166713,181207,45815,58365,78122,97744,177061,51,0,0,802890,0,48,166713,181207,45815,58365,78122,97744,177061,51,0,0,802890,0,44,166713,181207,45815,58365,78122,97744,177061,51,0,0,802890,0,45,166713,181207,45815,58365,78122,97744,177061,51,0,0,323202,0,80,143114,62513,65443,75052,27720,18225,27456,51,0,0,323202,0,-868,143114,62513,65443,75052,27720,18225,27456,51,0,0,323202,0,-781,143114,62513,65443,75052,27720,18225,27456,51,0,0,323202,0,-988,143114,62513,65443,75052,27720,18225,27456,51,0
3,0,802890,0,128,166713,181207,45815,58365,78122,97744,177061,51,0,0,802890,0,54,166713,181207,45815,58365,78122,97744,177061,51,0,0,802890,0,48,166713,181207,45815,58365,78122,97744,177061,51,0,0,802890,0,44,166713,181207,45815,58365,78122,97744,177061,51,0,0,802890,0,45,166713,181207,45815,58365,78122,97744,177061,51,0,0,323202,0,80,143114,62513,65443,75052,27720,18225,27456,51,0,0,323202,0,-868,143114,62513,65443,75052,27720,18225,27456,51,0,0,323202,0,-781,143114,62513,65443,75052,27720,18225,27456,51,0,0,323202,0,-988,143114,62513,65443,75052,27720,18225,27456,51,0,0,323202,0,582,143114,62513,65443,75052,27720,18225,27456,51,0
3,0,802890,0,54,166713,181207,45815,58365,78122,97744,177061,51,0,0,802890,0,48,166713,181207,45815,58365,78122,97744,177061,51,0,0,802890,0,44,166713,181207,45815,58365,78122,97744,177061,51,0,0,802890,0,45,166713,181207,45815,58365,78122,97744,177061,51,0,0,323202,0,80,143114,62513,65443,75052,27720,18225,27456,51,0,0,323202,0,-868,143114,62513,65443,75052,27720,18225,27456,51,0,0,323202,0,-781,143114,62513,65443,75052,27720,18225,27456,51,0,0,323202,0,-988,143114,62513,65443,75052,27720,18225,27456,51,0,0,323202,0,582,143114,62513,65443,75052,27720,18225,27456,51,0,0,323202,0,1345,143114,62513,65443,75052,27720,18225,27456,51,0
3,0,802890,0,48,166713,181207,45815,58365,78122,97744,177061,51,0,0,802890,0,44,166713,181207,45815,58365,78122,97744,177061,51,0,0,802890,0,45,166713,181207,45815,58365,78122,97744,177061,51,0,0,323202,0,80,143114,62513,65443,75052,27720,18225,27456,51,0,0,323202,0,-868,143114,62513,65443,75052,27720,18225,27456,51,0,0,323202,0,-781,143114,62513,65443,75052,27720,18225,27456,51,0,0,323202,0,-988,143114,62513,65443,75052,27720,18225,27456,51,0,0,323202,0,582,143114,62513,65443,75052,27720,18225,27456,51,0,0,323202,0,1345,143114,62513,65443,75052,27720,18225,27456,51,0,0,323202,0,246,143114,62513,65443,75052,27720,18225,27456,51,0
3,0,802890,0,44,166713,181207,45815,58365,78122,97744,177061,51,0,0,802890,0,45,166713,181207,45815,58365,78122,97744,177061,51,0,0,323202,0,80,143114,62513,65443,75052,27720,18225,27456,51,0,0,323202,0,-868,143114,62513,65443,75052,27720,18225,27456,51,0,0,323202,0,-781,143114,62513,65443,75052,27720,18225,27456,51,0,0,323202,0,-988,143114,62513,65443,75052,27720,18225,27456,51,0,0,323202,0,582,143114,62513,65443,75052,27720,18225,27456,51,0,0,323202,0,1345,143114,62513,65443,75052,27720,18225,27456,51,0,0,323202,0,246,143114,62513,65443,75052,27720,18225,27456,51,0,0,323202,0,75,143114,62513,65443,75052,27720,18225,27456,51,0
3,0,802890,0,45,166713,181207,45815,58365,78122,97744,177061,51,0,0,323202,0,80,143114,62513,65443,75052,27720,18225,27456,51,0,0,323202,0,-868,143114,62513,65443,75052,27720,18225,27456,51,0,0,323202,0,-781,143114,62513,65443,75052,27720,18225,27456,51,0,0,323202,0,-988,143114,62513,65443,75052,27720,18225,27456,51,0,0,323202,0,582,143114,62513,65443,75052,27720,18225,27456,51,0,0,323202,0,1345,143114,62513,65443,75052,27720,18225,27456,51,0,0,323202,0,246,143114,62513,65443,75052,27720,18225,27456,51,0,0,323202,0,75,143114,62513,65443,75052,27720,18225,27456,51,0,0,323202,0,51,143114,62513,65443,75052,27720,18225,27456,51,0
3,0,323202,0,80,143114,62513,65443,75052,27720,18225,27456,51,0,0,323202,0,-868,143114,62513,65443,75052,27720,18225,27456,51,0,0,323202,0,-781,143114,62513,65443,75052,27720,18225,27456,51,0,0,323202,0,-988,143114,62513,65443,75052,27720,18225,27456,51,0,0,323202,0,582,143114,62513,65443,75052,27720,18225,27456,51,0,0,323202,0,1345,143114,62513,65443,75052,27720,18225,27456,51,0,0,323202,0,246,143114,62513,65443,75052,27720,18225,27456,51,0,0,323202,0,75,143114,62513,65443,75052,27720,18225,27456,51,0,0,323202,0,51,143114,62513,65443,75052,27720,18225,27456,51,0,0,323202,0,45,143114,62513,65443,75052,27720,18225,27456,51,0
3,0,323202,0,-868,143114,62513,65443,75052,27720,18225,27456,51,0,0,323202,0,-781,143114,62513,65443,75052,27720,18225,27456,51,0,0,323202,0,-988,143114,62513,65443,75052,27720,18225,27456,51,0,0,323202,0,582,143114,62513,65443,75052,27720,18225,27456,51,0,0,323202,0,1345,143114,62513,65443,75052,27720,18225,27456,51,0,0,323202,0,246,143114,62513,65443,75052,27720,18225,27456,51,0,0,323202,0,75,143114,62513,65443,75052,27720,18225,27456,51,0,0,323202,0,51,143114,62513,65443,75052,27720,18225,27456,51,0,0,323202,0,45,143114,62513,65443,75052,27720,18225,27456,51,0,0,898392,0,54,55237,56272,52974,35678,67160,17781,61800,51,0
3,0,323202,0,-781,143114,62513,65443,75052,27720,18225,27456,51,0,0,323202,0,-988,143114,62513,65443,75052,27720,18225,27456,51,0,0,323202,0,582,143114,62513,65443,75052,27720,18225,27456,51,0,0,323202,0,1345,143114,62513,65443,75052,27720,18225,27456,51,0,0,323202,0,246,143114,62513,65443,75052,27720,18225,27456,51,0,0,323202,0,75,143114,62513,65443,75052,27720,18225,27456,51,0,0,323202,0,51,143114,62513,65443,75052,27720,18225,27456,51,0,0,323202,0,45,143114,62513,65443,75052,27720,18225,27456,51,0,0,898392,0,54,55237,56272,52974,35678,67160,17781,61800,51,0,0,898392,0,48,55237,56272,52974,35678,67160,17781,61800,51,0
3,0,323202,0,-988,143114,62513,65443,75052,27720,18225,27456,51,0,0,323202,0,582,143114,62513,65443,75052,27720,18225,27456,51,0,0,323202,0,1345,143114,62513,65443,75052,27720,18225,27456,51,0,0,323202,0,246,143114,62513,65443,75052,27720,18225,27456,51,0,0,323202,0,75,143114,62513,65443,75052,27720,18225,27456,51,0,0,323202,0,51,143114,62513,65443,75052,27720,18225,27456,51,0,0,323202,0,45,143114,62513,65443,75052,27720,18225,27456,51,0,0,898392,0,54,55237,56272,52974,35678,67160,17781,61800,51,0,0,898392,0,48,55237,56272,52974,35678,67160,17781,61800,51,0,0,898392,0,-2048,55237,56272,52974,35678,67160,17781,61800,51,0
3,0,323202,0,582,143114,62513,65443,75052,27720,18225,27456,51,0,0,323202,0,1345,143114,62513,65443,75052,27720,18225,27456,51,0,0,323202,0,246,143114,62513,65443,75052,27720,18225,27456,51,0,0,323202,0,75,143114,62513,65443,75052,27720,18225,27456,51,0,0,323202,0,51,143114,62513,65443,75052,27720,18225,27456,51,0,0,323202,0,45,143114,62513,65443,75052,27720,18225,27456,51,0,0,898392,0,54,55237,56272,52974,35678,67160,17781,61800,51,0,0,898392,0,48,55237,56272,52974,35678,67160,17781,61800,51,0,0,898392,0,-2048,55237,56272,52974,35678,67160,17781,61800,51,0,0,898392,0,365,55237,56272,52974,35678,67160,17781,61800,51,0
3,0,323202,0,1345,143114,62513,65443,75052,27720,18225,27456,51,0,0,323202,0,246,143114,62513,65443,75052,27720,18225,27456,51,0,0,323202,0,75,143114,62513,65443,75052,27720,18225,27456,51,0,0,323202,0,51,143114,62513,65443,75052,27720,18225,27456,51,0,0,323202,0,45,143114,62513,65443,75052,27720,18225,27456,51,0,0,898392,0,54,55237,56272,52974,35678,67160,17781,61800,51,0,0,898392,0,48,55237,56272,52974,35678,67160,17781,61800,51,0,0,898392,0,-2048,55237,56272,52974,35678,67160,17781,61800,51,0,0,898392,0,365,55237,56272,52974,35678,67160,17781,61800,51,0,0,898392,0,357,55237,56272,52974,35678,67160,17781,61800,51,0
3,0,323202,0,246,143114,62513,65443,75052,27720,18225,27456,51,0,0,323202,0,75,143114,62513,65443,75052,27720,18225,27456,51,0,0,323202,0,51,143114,62513,65443,75052,27720,18225,27456,51,0,0,323202,0,45,143114,62513,65443,75052,27720,18225,27456,51,0,0,898392,0,54,55237,56272,52974,35678,67160,17781,61800,51,0,0,898392,0,48,55237,56272,52974,35678,67160,17781,61800,51,0,0,898392,0,-2048,55237,56272,52974,35678,67160,17781,61800,51,0,0,898392,0,365,55237,56272,52974,35678,67160,17781,61800,51,0,0,898392,0,357,55237,56272,52974,35678,67160,17781,61800,51,0,0,898392,0,-1709,55237,56272,52974,35678,67160,17781,61800,51,0
3,0,323202,0,75,143114,62513,65443,75052,27720,18225,27456,51,0,0,323202,0,51,143114,62513,65443,75052,27720,18225,27456,51,0,0,323202,0,45,143114,62513,65443,75052,27720,18225,27456,51,0,0,898392,0,54,55237,56272,52974,35678,67160,17781,61800,51,0,0,898392,0,48,55237,56272,52974,35678,67160,17781,61800,51,0,0,898392,0,-2048,55237,56272,52974,35678,67160,17781,61800,51,0,0,898392,0,365,55237,56272,52974,35678,67160,17781,61800,51,0,0,898392,0,357,55237,56272,52974,35678,67160,17781,61800,51,0,0,898392,0,-1709,55237,56272,52974,35678,67160,17781,61800,51,0,0,898392,0,1895,55237,56272,52974,35678,67160,17781,61800,51,0
3,0,323202,0,51,143114,62513,65443,75052,27720,18225,27456,51,0,0,323202,0,45,143114,62513,65443,75052,27720,18225,27456,51,0,0,898392,0,54,55237,56272,52974,35678,67160,17781,61800,51,0,0,898392,0,48,55237,56272,52974,35678,67160,17781,61800,51,0,0,898392,0,-2048,55237,56272,52974,35678,67160,17781,61800,51,0,0,898392,0,365,55237,56272,52974,35678,67160,17781,61800,51,0,0,898392,0,357,55237,56272,52974,35678,67160,17781,61800,51,0,0,898392,0,-1709,55237,56272,52974,35678,67160,17781,61800,51,0,0,898392,0,1895,55237,56272,52974,35678,67160,17781,61800,51,0,0,898392,0,331,55237,56272,52974,35678,67160,17781,61800,51,0
3,0,323202,0,45,143114,62513,65443,75052,27720,18225,27456,51,0,0,898392,0,54,55237,56272,52974,35678,67160,17781,61800,51,0,0,898392,0,48,55237,56272,52974,35678,67160,17781,61800,51,0,0,898392,0,-2048,55237,56272,52974,35678,67160,17781,61800,51,0,0,898392,0,365,55237,56272,52974,35678,67160,17781,61800,51,0,0,898392,0,357,55237,56272,52974,35678,67160,17781,61800,51,0,0,898392,0,-1709,55237,56272,52974,35678,67160,17781,61800,51,0,0,898392,0,1895,55237,56272,52974,35678,67160,17781,61800,51,0,0,898392,0,331,55237,56272,52974,35678,67160,17781,61800,51,0,0,898392,0,89,55237,56272,52974,35678,67160,17781,61800,51,0
3,0,898392,0,54,55237,56272,52974,35678,67160,17781,61800,51,0,0,898392,0,48,55237,56272,52974,35678,67160,17781,61800,51,0,0,898392,0,-2048,55237,56272,52974,35678,67160,17781,61800,51,0,0,898392,0,365,55237,56272,52974,35678,67160,17781,61800,51,0,0,898392,0,357,55237,56272,52974,35678,67160,17781,61800,51,0,0,898392,0,-1709,55237,56272,52974,35678,67160,17781,61800,51,0,0,898392,0,1895,55237,56272,52974,35678,67160,17781,61800,51,0,0,898392,0,331,55237,56272,52974,35678,67160,17781,61800,51,0,0,898392,0,89,55237,56272,52974,35678,67160,17781,61800,51,0,0,898392,0,52,55237,56272,52974,35678,67160,17781,61800,51,0
3,0,898392,0,48,55237,56272,52974,35678,67160,17781,61800,51,0,0,898392,0,-2048,55237,56272,52974,35678,67160,17781,61800,51,0,0,898392,0,365,55237,56272,52974,35678,67160,17781,61800,51,0,0,898392,0,357,55237,56272,52974,35678,67160,17781,61800,51,0,0,898392,0,-1709,55237,56272,52974,35678,67160,17781,61800,51,0,0,898392,0,1895,55237,56272,52974,35678,67160,17781,61800,51,0,0,898392,0,331,55237,56272,52974,35678,67160,17781,61800,51,0,0,898392,0,89,55237,56272,52974,35678,67160,17781,61800,51,0,0,898392,0,52,55237,56272,52974,35678,67160,17781,61800,51,0,0,420514,0,44,57673,10700,4094,11845,25777,24572,73770,51,0
3,0,898392,0,-2048,55237,56272,52974,35678,67160,17781,61800,51,0,0,898392,0,365,55237,56272,52974,35678,67160,17781,61800,51,0,0,898392,0,357,55237,56272,52974,35678,67160,17781,61800,51,0,0,898392,0,-1709,55237,56272,52974,35678,67160,17781,61800,51,0,0,898392,0,1895,55237,56272,52974,35678,67160,17781,61800,51,0,0,898392,0,331,55237,56272,52974,35678,67160,17781,61800,51,0,0,898392,0,89,55237,56272,52974,35678,67160,17781,61800,51,0,0,898392,0,52,55237,56272,52974,35678,67160,17781,61800,51,0,0,420514,0,44,57673,10700,4094,11845,25777,24572,73770,51,0,0,420514,0,44,57673,10700,4094,11845,25777,24572,73770,51,0
3,0,898392,0,365,55237,56272,52974,35678,67160,17781,61800,51,0,0,898392,0,357,55237,56272,52974,35678,67160,17781,61800,51,0,0,898392,0,-1709,55237,56272,52974,35678,67160,17781,61800,51,0,0,898392,0,1895,55237,56272,52974,35678,67160,17781,61800,51,0,0,898392,0,331,55237,56272,52974,35678,67160,17781,61800,51,0,0,898392,0,89,55237,56272,52974,35678,67160,17781,61800,51,0,0,898392,0,52,55237,56272,52974,35678,67160,17781,61800,51,0,0,420514,0,44,57673,10700,4094,11845,25777,24572,73770,51,0,0,420514,0,44,57673,10700,4094,11845,25777,24572,73770,51,0,0,420514,0,-86,57673,10700,4094,11845,25777,24572,73770,51,0
3,0,898392,0,357,55237,56272,52974,35678,67160,17781,61800,51,0,0,898392,0,-1709,55237,56272,52974,35678,67160,17781,61800,51,0,0,898392,0,1895,55237,56272,52974,35678,67160,17781,61800,51,0,0,898392,0,331,55237,56272,52974,35678,67160,17781,61800,51,0,0,898392,0,89,55237,56272,52974,35678,67160,17781,61800,51,0,0,898392,0,52,55237,56272,52974,35678,67160,17781,61800,51,0,0,420514,0,44,57673,10700,4094,11845,25777,24572,73770,51,0,0,420514,0,44,57673,10700,4094,11845,25777,24572,73770,51,0,0,420514,0,-86,57673,10700,4094,11845,25777,24572,73770,51,0,0,420514,0,-190,57673,10700,4094,11845,25777,24572,73770,51,0
3,0,898392,0,-1709,55237,56272,52974,35678,67160,17781,61800,51,0,0,898392,0,1895,55237,56272,52974,35678,67160,17781,61800,51,0,0,898392,0,331,55237,56272,52974,35678,67160,17781,61800,51,0,0,898392,0,89,55237,56272,52974,35678,67160,17781,61800,51,0,0,898392,0,52,55237,56272,52974,35678,67160,17781,61800,51,0,0,420514,0,44,57673,10700,4094,11845,25777,24572,73770,51,0,0,420514,0,44,57673,10700,4094,11845,25777,24572,73770,51,0,0,420514,0,-86,57673,10700,4094,11845,25777,24572,73770,51,0,0,420514,0,-190,57673,10700,4094,11845,25777,24572,73770,51,0,0,420514,0,173,57673,10700,4094,11845,25777,24572,73770,51,0
3,0,898392,0,1895,55237,56272,52974,35678,67160,17781,61800,51,0,0,898392,0,331,55237,56272,52974,35678,67160,17781,61800,51,0,0,898392,0,89,55237,56272,52974,35678,67160,17781,61800,51,0,0,898392,0,52,55237,56272,52974,35678,67160,17781,61800,51,0,0,420514,0,44,57673,10700,4094,11845,25777,24572,73770,51,0,0,420514,0,44,57673,10700,4094,11845,25777,24572,73770,51,0,0,420514,0,-86,57673,10700,4094,11845,25777,24572,73770,51,0,0,420514,0,-190,57673,10700,4094,11845,25777,24572,73770,51,0,0,420514,0,173,57673,10700,4094,11845,25777,24572,73770,51,0,0,420514,0,85,57673,10700,4094,11845,25777,24572,73770,51,0
3,0,898392,0,331,55237,56272,52974,35678,67160,17781,61800,51,0,0,898392,0,89,55237,56272,52974,35678,67160,17781,61800,51,0,0,898392,0,52,55237,56272,52974,35678,67160,17781,61800,51,0,0,420514,0,44,57673,10700,4094,11845,25777,24572,73770,51,0,0,420514,0,44,57673,10700,4094,11845,25777,24572,73770,51,0,0,420514,0,-86,57673,10700,4094,11845,25777,24572,73770,51,0,0,420514,0,-190,57673,10700,4094,11845,25777,24572,73770,51,0,0,420514,0,173,57673,10700,4094,11845,25777,24572,73770,51,0,0,420514,0,85,57673,10700,4094,11845,25777,24572,73770,51,0,0,420514,0,1174,57673,10700,4094,11845,25777,24572,73770,51,0
3,0,898392,0,89,55237,56272,52974,35678,67160,17781,61800,51,0,0,898392,0,52,55237,56272,52974,35678,67160,17781,61800,51,0,0,420514,0,44,57673,10700,4094,11845,25777,24572,73770,51,0,0,420514,0,44,57673,10700,4094,11845,25777,24572,73770,51,0,0,420514,0,-86,57673,10700,4094,11845,25777,24572,73770,51,0,0,420514,0,-190,57673,10700,4094,11845,25777,24572,73770,51,0,0,420514,0,173,57673,10700,4094,11845,25777,24572,73770,51,0,0,420514,0,85,57673,10700,4094,11845,25777,24572,73770,51,0,0,420514,0,1174,57673,10700,4094,11845,25777,24572,73770,51,0,0,420514,0,2047,57673,10700,4094,11845,25777,24572,73770,51,0
3,0,898392,0,52,55237,56272,52974,35678,67160,17781,61800,51,0,0,420514,0,44,57673,10700,4094,11845,25777,24572,73770,51,0,0,420514,0,44,57673,10700,4094,11845,25777,24572,73770,51,0,0,420514,0,-86,57673,10700,4094,11845,25777,24572,73770,51,0,0,420514,0,-190,57673,10700,4094,11845,25777,24572,73770,51,0,0,420514,0,173,57673,10700,4094,11845,25777,24572,73770,51,0,0,420514,0,85,57673,10700,4094,11845,25777,24572,73770,51,0,0,420514,0,1174,57673,10700,4094,11845,25777,24572,73770,51,0,0,420514,0,2047,57673,10700,4094,11845,25777,24572,73770,51,0,0,420514,0,416,57673,10700,4094,11845,25777,24572,73770,51,0
3,0,420514,0,44,57673,10700,4094,11845,25777,24572,73770,51,0,0,420514,0,44,57673,10700,4094,11845,25777,24572,73770,51,0,0,420514,0,-86,57673,10700,4094,11845,25777,24572,73770,51,0,0,420514,0,-190,57673,10700,4094,11845,25777,24572,73770,51,0,0,420514,0,173,57673,10700,4094,11845,25777,24572,73770,51,0,0,420514,0,85,57673,10700,4094,11845,25777,24572,73770,51,0,0,420514,0,1174,57673,10700,4094,11845,25777,24572,73770,51,0,0,420514,0,2047,57673,10700,4094,11845,25777,24572,73770,51,0,0,420514,0,416,57673,10700,4094,11845,25777,24572,73770,51,0,0,420514,0,102,57673,10700,4094,11845,25777,24572,73770,51,0
3,0,420514,0,44,57673,10700,4094,11845,25777,24572,73770,51,0,0,420514,0,-86,57673,10700,4094,11845,25777,24572,73770,51,0,0,420514,0,-190,57673,10700,4094,11845,25777,24572,73770,51,0,0,420514,0,173,57673,10700,4094,11845,25777,24572,73770,51,0,0,420514,0,85,57673,10700,4094,11845,25777,24572,73770,51,0,0,420514,0,1174,57673,10700,4094,11845,25777,24572,73770,51,0,0,420514,0,2047,57673,10700,4094,11845,25777,24572,73770,51,0,0,420514,0,416,57673,10700,4094,11845,25777,24572,73770,51,0,0,420514,0,102,57673,10700,4094,11845,25777,24572,73770,51,0,0,1463839,0,52,894163,396181,470538,162418,197880,676379,455550,51,0
3,0,420514,0,-86,57673,10700,4094,11845,25777,24572,73770,51,0,0,420514,0,-190,57673,10700,4094,11845,25777,24572,73770,51,0,0,420514,0,173,57673,10700,4094,11845,25777,24572,73770,51,0,0,420514,0,85,57673,10700,4094,11845,25777,24572,73770,51,0,0,420514,0,1174,57673,10700,4094,11845,25777,24572,73770,51,0,0,420514,0,2047,57673,10700,4094,11845,25777,24572,73770,51,0,0,420514,0,416,57673,10700,4094,11845,25777,24572,73770,51,0,0,420514,0,102,57673,10700,4094,11845,25777,24572,73770,51,0,0,1463839,0,52,894163,396181,470538,162418,197880,676379,455550,51,0,0,1463839,0,45,894163,396181,470538,162418,197880,676379,455550,51,0
3,0,420514,0,-190,57673,10700,4094,11845,25777,24572,73770,51,0,0,420514,0,173,57673,10700,4094,11845,25777,24572,73770,51,0,0,420514,0,85,57673,10700,4094,11845,25777,24572,73770,51,0,0,420514,0,1174,57673,10700,4094,11845,25777,24572,73770,51,0,0,420514,0,2047,57673,10700,4094,11845,25777,24572,73770,51,0,0,420514,0,416,57673,10700,4094,11845,25777,24572,73770,51,0,0,420514,0,102,57673,10700,4094,11845,25777,24572,73770,51,0,0,1463839,0,52,894163,396181,470538,162418,197880,676379,455550,51,0,0,1463839,0,45,894163,396181,470538,162418,197880,676379,455550,51,0,0,1463839,0,45,894163,396181,470538,162418,197880,676379,455550,51,0
3,0,420514,0,173,57673,10700,4094,11845,25777,24572,73770,51,0,0,420514,0,85,57673,10700,4094,11845,25777,24572,73770,51,0,0,420514,0,1174,57673,10700,4094,11845,25777,24572,73770,51,0,0,420514,0,2047,57673,10700,4094,11845,25777,24572,73770,51,0,0,420514,0,416,57673,10700,4094,11845,25777,24572,73770,51,0,0,420514,0,102,57673,10700,4094,11845,25777,24572,73770,51,0,0,1463839,0,52,894163,396181,470538,162418,197880,676379,455550,51,0,0,1463839,0,45,894163,396181,470538,162418,197880,676379,455550,51,0,0,1463839,0,45,894163,396181,470538,162418,197880,676379,455550,51,0,0,1463839,0,13,894163,396181,470538,162418,197880,676379,455550,51,0
3,0,420514,0,85,57673,10700,4094,11845,25777,24572,73770,51,0,0,420514,0,1174,57673,10700,4094,11845,25777,24572,73770,51,0,0,420514,0,2047,57673,10700,4094,11845,25777,24572,73770,51,0,0,420514,0,416,57673,10700,4094,11845,25777,24572,73770,51,0,0,420514,0,102,57673,10700,4094,11845,25777,24572,73770,51,0,0,1463839,0,52,894163,396181,470538,162418,197880,676379,455550,51,0,0,1463839,0,45,894163,396181,470538,162418,197880,676379,455550,51,0,0,1463839,0,45,894163,396181,470538,162418,197880,676379,455550,51,0,0,1463839,0,13,894163,396181,470538,162418,197880,676379,455550,51,0,0,1463839,0,-2048,894163,396181,470538,162418,197880,676379,455550,51,0
3,0,420514,0,1174,57673,10700,4094,11845,25777,24572,73770,51,0,0,420514,0,2047,57673,10700,4094,11845,25777,24572,73770,51,0,0,420514,0,416,57673,10700,4094,11845,25777,24572,73770,51,0,0,420514,0,102,57673,10700,4094,11845,25777,24572,73770,51,0,0,1463839,0,52,894163,396181,470538,162418,197880,676379,455550,51,0,0,1463839,0,45,894163,396181,470538,162418,197880,676379,455550,51,0,0,1463839,0,45,894163,396181,470538,162418,197880,676379,455550,51,0,0,1463839,0,13,894163,396181,470538,162418,197880,676379,455550,51,0,0,1463839,0,-2048,894163,396181,470538,162418,197880,676379,455550,51,0,0,1463839,0,1641,894163,396181,470538,162418,197880,676379,455550,51,0
3,0,420514,0,2047,57673,10700,4094,11845,25777,24572,73770,51,0,0,420514,0,416,57673,10700,4094,11845,25777,24572,73770,51,0,0,420514,0,102,57673,10700,4094,11845,25777,24572,73770,51,0,0,1463839,0,52,894163,396181,470538,162418,197880,676379,455550,51,0,0,1463839,0,45,894163,396181,470538,162418,197880,676379,455550,51,0,0,1463839,0,45,894163,396181,470538,162418,197880,676379,455550,51,0,0,1463839,0,13,894163,396181,470538,162418,197880,676379,455550,51,0,0,1463839,0,-2048,894163,396181,470538,162418,197880,676379,455550,51,0,0,1463839,0,1641,894163,396181,470538,162418,197880,676379,455550,51,0,0,1463839,0,679,894163,396181,470538,162418,197880,676379,455550,51,0
3,0,420514,0,416,57673,10700,4094,11845,25777,24572,73770,51,0,0,420514,0,102,57673,10700,4094,11845,25777,24572,73770,51,0,0,1463839,0,52,894163,396181,470538,162418,197880,676379,455550,51,0,0,1463839,0,45,894163,396181,470538,162418,197880,676379,455550,51,0,0,1463839,0,45,894163,396181,470538,162418,197880,676379,455550,51,0,0,1463839,0,13,894163,396181,470538,162418,197880,676379,455550,51,0,0,1463839,0,-2048,894163,396181,470538,162418,197880,676379,455550,51,0,0,1463839,0,1641,894163,396181,470538,162418,197880,676379,455550,51,0,0,1463839,0,679,894163,396181,470538,162418,197880,676379,455550,51,0,0,1463839,0,787,894163,396181,470538,162418,197880,676379,455550,51,0
3,0,420514,0,102,57673,10700,4094,11845,25777,24572,73770,51,0,0,1463839,0,52,894163,396181,470538,162418,197880,676379,455550,51,0,0,1463839,0,45,894163,396181,470538,162418,197880,676379,455550,51,0,0,1463839,0,45,894163,396181,470538,162418,197880,676379,455550,51,0,0,1463839,0,13,894163,396181,470538,162418,197880,676379,455550,51,0,0,1463839,0,-2048,894163,396181,470538,162418,197880,676379,455550,51,0,0,1463839,0,1641,894163,396181,470538,162418,197880,676379,455550,51,0,0,1463839,0,679,894163,396181,470538,162418,197880,676379,455550,51,0,0,1463839,0,787,894163,396181,470538,162418,197880,676379,455550,51,0,0,1463839,0,-2048,894163,396181,470538,162418,197880,676379,455550,51,0
3,0,1463839,0,52,894163,396181,470538,162418,197880,676379,455550,51,0,0,1463839,0,45,894163,396181,470538,162418,197880,676379,455550,51,0,0,1463839,0,45,894163,396181,470538,162418,197880,676379,455550,51,0,0,1463839,0,13,894163,396181,470538,162418,197880,676379,455550,51,0,0,1463839,0,-2048,894163,396181,470538,162418,197880,676379,455550,51,0,0,1463839,0,1641,894163,396181,470538,162418,197880,676379,455550,51,0,0,1463839,0,679,894163,396181,470538,162418,197880,676379,455550,51,0,0,1463839,0,787,894163,396181,470538,162418,197880,676379,455550,51,0,0,1463839,0,-2048,894163,396181,470538,162418,197880,676379,455550,51,0,0,1463839,0,456,894163,396181,470538,162418,197880,676379,455550,51,0
3,0,1463839,0,45,894163,396181,470538,162418,197880,676379,455550,51,0,0,1463839,0,45,894163,396181,470538,162418,197880,676379,455550,51,0,0,1463839,0,13,894163,396181,470538,162418,197880,676379,455550,51,0,0,1463839,0,-2048,894163,396181,470538,162418,197880,676379,455550,51,0,0,1463839,0,1641,894163,396181,470538,162418,197880,676379,455550,51,0,0,1463839,0,679,894163,396181,470538,162418,197880,676379,455550,51,0,0,1463839,0,787,894163,396181,470538,162418,197880,676379,455550,51,0,0,1463839,0,-2048,894163,396181,470538,162418,197880,676379,455550,51,0,0,1463839,0,456,894163,396181,470538,162418,197880,676379,455550,51,0,0,1216708,0,108,866706,588412,242444,165675,156358,146859,212266,51,0
3,0,1463839,0,45,894163,396181,470538,162418,197880,676379,455550,51,0,0,1463839,0,13,894163,396181,470538,162418,197880,676379,455550,51,0,0,1463839,0,-2048,894163,396181,470538,162418,197880,676379,455550,51,0,0,1463839,0,1641,894163,396181,470538,162418,197880,676379,455550,51,0,0,1463839,0,679,894163,396181,470538,162418,197880,676379,455550,51,0,0,1463839,0,787,894163,396181,470538,162418,197880,676379,455550,51,0,0,1463839,0,-2048,894163,396181,470538,162418,197880,676379,455550,51,0,0,1463839,0,456,894163,396181,470538,162418,197880,676379,455550,51,0,0,1216708,0,108,866706,588412,242444,165675,156358,146859,212266,51,0,0,1216708,0,55,866706,588412,242444,165675,156358,146859,212266,51,0
3,0,1463839,0,13,894163,396181,470538,162418,197880,676379,455550,51,0,0,1463839,0,-2048,894163,396181,470538,162418,197880,676379,455550,51,0,0,1463839,0,1641,894163,396181,470538,162418,197880,676379,455550,51,0,0,1463839,0,679,894163,396181,470538,162418,197880,676379,455550,51,0,0,1463839,0,787,894163,396181,470538,162418,197880,676379,455550,51,0,0,1463839,0,-2048,894163,396181,470538,162418,197880,676379,455550,51,0,0,1463839,0,456,894163,396181,470538,162418,197880,676379,455550,51,0,0,1216708,0,108,866706,588412,242444,165675,156358,146859,212266,51,0,0,1216708,0,55,866706,588412,242444,165675,156358,146859,212266,51,0,0,1216708,0,48,866706,588412,242444,165675,156358,146859,212266,51,0
3,0,1463839,0,-2048,894163,396181,470538,162418,197880,676379,455550,51,0,0,1463839,0,1641,894163,396181,470538,162418,197880,676379,455550,51,0,0,1463839,0,679,894163,396181,470538,162418,197880,676379,455550,51,0,0,1463839,0,787,894163,396181,470538,162418,197880,676379,455550,51,0,0,1463839,0,-2048,894163,396181,470538,162418,197880,676379,455550,51,0,0,1463839,0,456,894163,396181,470538,162418,197880,676379,455550,51,0,0,1216708,0,108,866706,588412,242444,165675,156358,146859,212266,51,0,0,1216708,0,55,866706,588412,242444,165675,156358,146859,212266,51,0,0,1216708,0,48,866706,588412,242444,165675,156358,146859,212266,51,0,0,1216708,0,49,866706,588412,242444,165675,156358,146859,212266,51,0
3,0,1463839,0,1641,894163,396181,470538,162418,197880,676379,455550,51,0,0,1463839,0,679,894163,396181,470538,162418,197880,676379,455550,51,0,0,1463839,0,787,894163,396181,470538,162418,197880,676379,455550,51,0,0,1463839,0,-2048,894163,396181,470538,162418,197880,676379,455550,51,0,0,1463839,0,456,894163,396181,470538,162418,197880,676379,455550,51,0,0,1216708,0,108,866706,588412,242444,165675,156358,146859,212266,51,0,0,1216708,0,55,866706,588412,242444,165675,156358,146859,212266,51,0,0,1216708,0,48,866706,588412,242444,165675,156358,146859,212266,51,0,0,1216708,0,49,866706,588412,242444,165675,156358,146859,212266,51,0,0,1216708,0,-570,866706,588412,242444,165675,156358,146859,212266,51,0
3,0,1463839,0,679,894163,396181,470538,162418,197880,676379,455550,51,0,0,1463839,0,787,894163,396181,470538,162418,197880,676379,455550,51,0,0,1463839,0,-2048,894163,396181,470538,162418,197880,676379,455550,51,0,0,1463839,0,456,894163,396181,470538,162418,197880,676379,455550,51,0,0,1216708,0,108,866706,588412,242444,165675,156358,146859,212266,51,0,0,1216708,0,55,866706,588412,242444,165675,156358,146859,212266,51,0,0,1216708,0,48,866706,588412,242444,165675,156358,146859,212266,51,0,0,1216708,0,49,866706,588412,242444,165675,156358,146859,212266,51,0,0,1216708,0,-570,866706,588412,242444,165675,156358,146859,212266,51,0,0,1216708,0,259,866706,588412,242444,165675,156358,146859,212266,51,0
3,0,1463839,0,787,894163,396181,470538,162418,197880,676379,455550,51,0,0,1463839,0,-2048,894163,396181,470538,162418,197880,676379,455550,51,0,0,1463839,0,456,894163,396181,470538,162418,197880,676379,455550,51,0,0,1216708,0,108,866706,588412,242444,165675,156358,146859,212266,51,0,0,1216708,0,55,866706,588412,242444,165675,156358,146859,212266,51,0,0,1216708,0,48,866706,588412,242444,165675,156358,146859,212266,51,0,0,1216708,0,49,866706,588412,242444,165675,156358,146859,212266,51,0,0,1216708,0,-570,866706,588412,242444,165675,156358,146859,212266,51,0,0,1216708,0,259,866706,588412,242444,165675,156358,146859,212266,51,0,0,1216708,0,80,866706,588412,242444,165675,156358,146859,212266,51,0
3,0,1463839,0,-2048,894163,396181,470538,162418,197880,676379,455550,51,0,0,1463839,0,456,894163,396181,470538,162418,197880,676379,455550,51,0,0,1216708,0,108,866706,588412,242444,165675,156358,146859,212266,51,0,0,1216708,0,55,866706,588412,242444,165675,156358,146859,212266,51,0,0,1216708,0,48,866706,588412,242444,165675,156358,146859,212266,51,0,0,1216708,0,49,866706,588412,242444,165675,156358,146859,212266,51,0,0,1216708,0,-570,866706,588412,242444,165675,156358,146859,212266,51,0,0,1216708,0,259,866706,588412,242444,165675,156358,146859,212266,51,0,0,1216708,0,80,866706,588412,242444,165675,156358,146859,212266,51,0,0,1216708,0,75,866706,588412,242444,165675,156358,146859,212266,51,0
3,0,1463839,0,456,894163,396181,470538,162418,197880,676379,455550,51,0,0,1216708,0,108,866706,588412,242444,165675,156358,146859,212266,51,0,0,1216708,0,55,866706,588412,242444,165675,156358,146859,212266,51,0,0,1216708,0,48,866706,588412,242444,165675,156358,146859,212266,51,0,0,1216708,0,49,866706,588412,242444,165675,156358,146859,212266,51,0,0,1216708,0,-570,866706,588412,242444,165675,156358,146859,212266,51,0,0,1216708,0,259,866706,588412,242444,165675,156358,146859,212266,51,0,0,1216708,0,80,866706,588412,242444,165675,156358,146859,212266,51,0,0,1216708,0,75,866706,588412,242444,165675,156358,146859,212266,51,0,0,1216708,0,-2048,866706,588412,242444,165675,156358,146859,212266,51,0
3,0,1216708,0,108,866706,588412,242444,165675,156358,146859,212266,51,0,0,1216708,0,55,866706,588412,242444,165675,156358,146859,212266,51,0,0,1216708,0,48,866706,588412,242444,165675,156358,146859,212266,51,0,0,1216708,0,49,866706,588412,242444,165675,156358,146859,212266,51,0,0,1216708,0,-570,866706,588412,242444,165675,156358,146859,212266,51,0,0,1216708,0,259,866706,588412,242444,165675,156358,146859,212266,51,0,0,1216708,0,80,866706,588412,242444,165675,156358,146859,212266,51,0,0,1216708,0,75,866706,588412,242444,165675,156358,146859,212266,51,0,0,1216708,0,-2048,866706,588412,242444,165675,156358,146859,212266,51,0,0,1216708,0,807,866706,588412,242444,165675,156358,146859,212266,51,0
3,0,1216708,0,55,866706,588412,242444,165675,156358,146859,212266,51,0,0,1216708,0,48,866706,588412,242444,165675,156358,146859,212266,51,0,0,1216708,0,49,866706,588412,242444,165675,156358,146859,212266,51,0,0,1216708,0,-570,866706,588412,242444,165675,156358,146859,212266,51,0,0,1216708,0,259,866706,588412,242444,165675,156358,146859,212266,51,0,0,1216708,0,80,866706,588412,242444,165675,156358,146859,212266,51,0,0,1216708,0,75,866706,588412,242444,165675,156358,146859,212266,51,0,0,1216708,0,-2048,866706,588412,242444,165675,156358,146859,212266,51,0,0,1216708,0,807,866706,588412,242444,165675,156358,146859,212266,51,0,0,984910,0,144,298395,168918,85532,71551,121592,225590,161188,51,0
3,0,1216708,0,48,866706,588412,242444,165675,156358,146859,212266,51,0,0,1216708,0,49,866706,588412,242444,165675,156358,146859,212266,51,0,0,1216708,0,-570,866706,588412,242444,165675,156358,146859,212266,51,0,0,1216708,0,259,866706,588412,242444,165675,156358,146859,212266,51,0,0,1216708,0,80,866706,588412,242444,165675,156358,146859,212266,51,0,0,1216708,0,75,866706,588412,242444,165675,156358,146859,212266,51,0,0,1216708,0,-2048,866706,588412,242444,165675,156358,146859,212266,51,0,0,1216708,0,807,866706,588412,242444,165675,156358,146859,212266,51,0,0,984910,0,144,298395,168918,85532,71551,121592,225590,161188,51,0,0,984910,0,59,298395,168918,85532,71551,121592,225590,161188,51,0
3,0,1216708,0,49,866706,588412,242444,165675,156358,146859,212266,51,0,0,1216708,0,-570,866706,588412,242444,165675,156358,146859,212266,51,0,0,1216708,0,259,866706,588412,242444,165675,156358,146859,212266,51,0,0,1216708,0,80,866706,588412,242444,165675,156358,146859,212266,51,0,0,1216708,0,75,866706,588412,242444,165675,156358,146859,212266,51,0,0,1216708,0,-2048,866706,588412,242444,165675,156358,146859,212266,51,0,0,1216708,0,807,866706,588412,242444,165675,156358,146859,212266,51,0,0,984910,0,144,298395,168918,85532,71551,121592,225590,161188,51,0,0,984910,0,59,298395,168918,85532,71551,121592,225590,161188,51,0,0,984910,0,48,298395,168918,85532,71551,121592,225590,161188,51,0
3,0,1216708,0,-570,866706,588412,242444,165675,156358,146859,212266,51,0,0,1216708,0,259,866706,588412,242444,165675,156358,146859,212266,51,0,0,1216708,0,80,866706,588412,242444,165675,156358,146859,212266,51,0,0,1216708,0,75,866706,588412,242444,165675,156358,146859,212266,51,0,0,1216708,0,-2048,866706,588412,242444,165675,156358,146859,212266,51,0,0,1216708,0,807,866706,588412,242444,165675,156358,146859,212266,51,0,0,984910,0,144,298395,168918,85532,71551,121592,225590,161188,51,0,0,984910,0,59,298395,168918,85532,71551,121592,225590,161188,51,0,0,984910,0,48,298395,168918,85532,71551,121592,225590,161188,51,0,0,984910,0,44,298395,168918,85532,71551,121592,225590,161188,51,0
3,0,1216708,0,259,866706,588412,242444,165675,156358,146859,212266,51,0,0,1216708,0,80,866706,588412,242444,165675,156358,146859,212266,51,0,0,1216708,0,75,866706,588412,242444,165675,156358,146859,212266,51,0,0,1216708,0,-2048,866706,588412,242444,165675,156358,146859,212266,51,0,0,1216708,0,807,866706,588412,242444,165675,156358,146859,212266,51,0,0,984910,0,144,298395,168918,85532,71551,121592,225590,161188,51,0,0,984910,0,59,298395,168918,85532,71551,121592,225590,161188,51,0,0,984910,0,48,298395,168918,85532,71551,121592,225590,161188,51,0,0,984910,0,44,298395,168918,85532,71551,121592,225590,161188,51,0,0,984910,0,50,298395,168918,85532,71551,121592,225590,161188,51,0
3,0,1216708,0,80,866706,588412,242444,165675,156358,146859,212266,51,0,0,1216708,0,75,866706,588412,242444,165675,156358,146859,212266,51,0,0,1216708,0,-2048,866706,588412,242444,165675,156358,146859,212266,51,0,0,1216708,0,807,866706,588412,242444,165675,156358,146859,212266,51,0,0,984910,0,144,298395,168918,85532,71551,121592,225590,161188,51,0,0,984910,0,59,298395,168918,85532,71551,121592,225590,161188,51,0,0,984910,0,48,298395,168918,85532,71551,121592,225590,161188,51,0,0,984910,0,44,298395,168918,85532,71551,121592,225590,161188,51,0,0,984910,0,50,298395,168918,85532,71551,121592,225590,161188,51,0,0,984910,0,-309,298395,168918,85532,71551,121592,225590,161188,51,0
3,0,1216708,0,75,866706,588412,242444,165675,156358,146859,212266,51,0,0,1216708,0,-2048,866706,588412,242444,165675,156358,146859,212266,51,0,0,1216708,0,807,866706,588412,242444,165675,156358,146859,212266,51,0,0,984910,0,144,298395,168918,85532,71551,121592,225590,161188,51,0,0,984910,0,59,298395,168918,85532,71551,121592,225590,161188,51,0,0,984910,0,48,298395,168918,85532,71551,121592,225590,161188,51,0,0,984910,0,44,298395,168918,85532,71551,121592,225590,161188,51,0,0,984910,0,50,298395,168918,85532,71551,121592,225590,161188,51,0,0,984910,0,-309,298395,168918,85532,71551,121592,225590,161188,51,0,0,984910,0,-284,298395,168918,85532,71551,121592,225590,161188,51,0
3,0,1216708,0,-2048,866706,588412,242444,165675,156358,146859,212266,51,0,0,1216708,0,807,866706,588412,242444,165675,156358,146859,212266,51,0,0,984910,0,144,298395,168918,85532,71551,121592,225590,161188,51,0,0,984910,0,59,298395,168918,85532,71551,121592,225590,161188,51,0,0,984910,0,48,298395,168918,85532,71551,121592,225590,161188,51,0,0,984910,0,44,298395,168918,85532,71551,121592,225590,161188,51,0,0,984910,0,50,298395,168918,85532,71551,121592,225590,161188,51,0,0,984910,0,-309,298395,168918,85532,71551,121592,225590,161188,51,0,0,984910,0,-284,298395,168918,85532,71551,121592,225590,161188,51,0,0,984910,0,2047,298395,168918,85532,71551,121592,225590,161188,51,0
3,0,1216708,0,807,866706,588412,242444,165675,156358,146859,212266,51,0,0,984910,0,144,298395,168918,85532,71551,121592,225590,161188,51,0,0,984910,0,59,298395,168918,85532,71551,121592,225590,161188,51,0,0,984910,0,48,298395,168918,85532,71551,121592,225590,161188,51,0,0,984910,0,44,298395,168918,85532,71551,121592,225590,161188,51,0,0,984910,0,50,298395,168918,85532,71551,121592,225590,161188,51,0,0,984910,0,-309,298395,168918,85532,71551,121592,225590,161188,51,0,0,984910,0,-284,298395,168918,85532,71551,121592,225590,161188,51,0,0,984910,0,2047,298395,168918,85532,71551,121592,225590,161188,51,0,0,984910,0,1266,298395,168918,85532,71551,121592,225590,161188,51,0
3,0,984910,0,144,298395,168918,85532,71551,121592,225590,161188,51,0,0,984910,0,59,298395,168918,85532,71551,121592,225590,161188,51,0,0,984910,0,48,298395,168918,85532,71551,121592,225590,161188,51,0,0,984910,0,44,298395,168918,85532,71551,121592,225590,161188,51,0,0,984910,0,50,298395,168918,85532,71551,121592,225590,161188,51,0,0,984910,0,-309,298395,168918,85532,71551,121592,225590,161188,51,0,0,984910,0,-284,298395,168918,85532,71551,121592,225590,161188,51,0,0,984910,0,2047,298395,168918,85532,71551,121592,225590,161188,51,0,0,984910,0,1266,298395,168918,85532,71551,121592,225590,161188,51,0,0,1531932,0,-2048,434194,219263,79971,150872,162337,21859,121317,51,0
3,0,984910,0,59,298395,168918,85532,71551,121592,225590,161188,51,0,0,984910,0,48,298395,168918,85532,71551,121592,225590,161188,51,0,0,984910,0,44,298395,168918,85532,71551,121592,225590,161188,51,0,0,984910,0,50,298395,168918,85532,71551,121592,225590,161188,51,0,0,984910,0,-309,298395,168918,85532,71551,121592,225590,161188,51,0,0,984910,0,-284,298395,168918,85532,71551,121592,225590,161188,51,0,0,984910,0,2047,298395,168918,85532,71551,121592,225590,161188,51,0,0,984910,0,1266,298395,168918,85532,71551,121592,225590,161188,51,0,0,1531932,0,-2048,434194,219263,79971,150872,162337,21859,121317,51,0,0,1531932,0,984,434194,219263,79971,150872,162337,21859,121317,51,0
3,0,984910,0,48,298395,168918,85532,71551,121592,225590,161188,51,0,0,984910,0,44,298395,168918,85532,71551,121592,225590,161188,51,0,0,984910,0,50,298395,168918,85532,71551,121592,225590,161188,51,0,0,984910,0,-309,298395,168918,85532,71551,121592,225590,161188,51,0,0,984910,0,-284,298395,168918,85532,71551,121592,225590,161188,51,0,0,984910,0,2047,298395,168918,85532,71551,121592,225590,161188,51,0,0,984910,0,1266,298395,168918,85532,71551,121592,225590,161188,51,0,0,1531932,0,-2048,434194,219263,79971,150872,162337,21859,121317,51,0,0,1531932,0,984,434194,219263,79971,150872,162337,21859,121317,51,0,0,1531932,0,189,434194,219263,79971,150872,162337,21859,121317,51,0
3,0,984910,0,44,298395,168918,85532,71551,121592,225590,161188,51,0,0,984910,0,50,298395,168918,85532,71551,121592,225590,161188,51,0,0,984910,0,-309,298395,168918,85532,71551,121592,225590,161188,51,0,0,984910,0,-284,298395,168918,85532,71551,121592,225590,161188,51,0,0,984910,0,2047,298395,168918,85532,71551,121592,225590,161188,51,0,0,984910,0,1266,298395,168918,85532,71551,121592,225590,161188,51,0,0,1531932,0,-2048,434194,219263,79971,150872,162337,21859,121317,51,0,0,1531932,0,984,434194,219263,79971,150872,162337,21859,121317,51,0,0,1531932,0,189,434194,219263,79971,150872,162337,21859,121317,51,0,0,1531932,0,68,434194,219263,79971,150872,162337,21859,121317,51,0
3,0,984910,0,50,298395,168918,85532,71551,121592,225590,161188,51,0,0,984910,0,-309,298395,168918,85532,71551,121592,225590,161188,51,0,0,984910,0,-284,298395,168918,85532,71551,121592,225590,161188,51,0,0,984910,0,2047,298395,168918,85532,71551,121592,225590,161188,51,0,0,984910,0,1266,298395,168918,85532,71551,121592,225590,161188,51,0,0,1531932,0,-2048,434194,219263,79971,150872,162337,21859,121317,51,0,0,1531932,0,984,434194,219263,79971,150872,162337,21859,121317,51,0,0,1531932,0,189,434194,219263,79971,150872,162337,21859,121317,51,0,0,1531932,0,68,434194,219263,79971,150872,162337,21859,121317,51,0,0,1531932,0,49,434194,219263,79971,150872,162337,21859,121317,51,0
3,0,984910,0,-309,298395,168918,85532,71551,121592,225590,161188,51,0,0,984910,0,-284,298395,168918,85532,71551,121592,225590,161188,51,0,0,984910,0,2047,298395,168918,85532,71551,121592,225590,161188,51,0,0,984910,0,1266,298395,168918,85532,71551,121592,225590,161188,51,0,0,1531932,0,-2048,434194,219263,79971,150872,162337,21859,121317,51,0,0,1531932,0,984,434194,219263,79971,150872,162337,21859,121317,51,0,0,1531932,0,189,434194,219263,79971,150872,162337,21859,121317,51,0,0,1531932,0,68,434194,219263,79971,150872,162337,21859,121317,51,0,0,1531932,0,49,434194,219263,79971,150872,162337,21859,121317,51,0,0,1531932,0,44,434194,219263,79971,150872,162337,21859,121317,51,0
3,0,984910,0,-284,298395,168918,85532,71551,121592,225590,161188,51,0,0,984910,0,2047,298395,168918,85532,71551,121592,225590,161188,51,0,0,984910,0,1266,298395,168918,85532,71551,121592,225590,161188,51,0,0,1531932,0,-2048,434194,219263,79971,150872,162337,21859,121317,51,0,0,1531932,0,984,434194,219263,79971,150872,162337,21859,121317,51,0,0,1531932,0,189,434194,219263,79971,150872,162337,21859,121317,51,0,0,1531932,0,68,434194,219263,79971,150872,162337,21859,121317,51,0,0,1531932,0,49,434194,219263,79971,150872,162337,21859,121317,51,0,0,1531932,0,44,434194,219263,79971,150872,162337,21859,121317,51,0,0,1531932,0,-523,434194,219263,79971,150872,162337,21859,121317,51,0
3,0,984910,0,2047,298395,168918,85532,71551,121592,225590,161188,51,0,0,984910,0,1266,298395,168918,85532,71551,121592,225590,161188,51,0,0,1531932,0,-2048,434194,219263,79971,150872,162337,21859,121317,51,0,0,1531932,0,984,434194,219263,79971,150872,162337,21859,121317,51,0,0,1531932,0,189,434194,219263,79971,150872,162337,21859,121317,51,0,0,1531932,0,68,434194,219263,79971,150872,162337,21859,121317,51,0,0,1531932,0,49,434194,219263,79971,150872,162337,21859,121317,51,0,0,1531932,0,44,434194,219263,79971,150872,162337,21859,121317,51,0,0,1531932,0,-523,434194,219263,79971,150872,162337,21859,121317,51,0,0,1531932,0,-1525,434194,219263,79971,150872,162337,21859,121317,51,0
3,0,984910,0,1266,298395,168918,85532,71551,121592,225590,161188,51,0,0,1531932,0,-2048,434194,219263,79971,150872,162337,21859,121317,51,0,0,1531932,0,984,434194,219263,79971,150872,162337,21859,121317,51,0,0,1531932,0,189,434194,219263,79971,150872,162337,21859,121317,51,0,0,1531932,0,68,434194,219263,79971,150872,162337,21859,121317,51,0,0,1531932,0,49,434194,219263,79971,150872,162337,21859,121317,51,0,0,1531932,0,44,434194,219263,79971,150872,162337,21859,121317,51,0,0,1531932,0,-523,434194,219263,79971,150872,162337,21859,121317,51,0,0,1531932,0,-1525,434194,219263,79971,150872,162337,21859,121317,51,0,0,1531932,0,2047,434194,219263,79971,150872,162337,21859,121317,51,0
3,0,1531932,0,-2048,434194,219263,79971,150872,162337,21859,121317,51,0,0,1531932,0,984,434194,219263,79971,150872,162337,21859,121317,51,0,0,1531932,0,189,434194,219263,79971,150872,162337,21859,121317,51,0,0,1531932,0,68,434194,219263,79971,150872,162337,21859,121317,51,0,0,1531932,0,49,434194,219263,79971,150872,162337,21859,121317,51,0,0,1531932,0,44,434194,219263,79971,150872,162337,21859,121317,51,0,0,1531932,0,-523,434194,219263,79971,150872,162337,21859,121317,51,0,0,1531932,0,-1525,434194,219263,79971,150872,162337,21859,121317,51,0,0,1531932,0,2047,434194,219263,79971,150872,162337,21859,121317,51,0,0,1531932,0,1059,434194,219263,79971,150872,162337,21859,121317,51,0
3,0,1531932,0,984,434194,219263,79971,150872,162337,21859,121317,51,0,0,1531932,0,189,434194,219263,79971,150872,162337,21859,121317,51,0,0,1531932,0,68,434194,219263,79971,150872,162337,21859,121317,51,0,0,1531932,0,49,434194,219263,79971,150872,162337,21859,121317,51,0,0,1531932,0,44,434194,219263,79971,150872,162337,21859,121317,51,0,0,1531932,0,-523,434194,219263,79971,150872,162337,21859,121317,51,0,0,1531932,0,-1525,434194,219263,79971,150872,162337,21859,121317,51,0,0,1531932,0,2047,434194,219263,79971,150872,162337,21859,121317,51,0,0,1531932,0,1059,434194,219263,79971,150872,162337,21859,121317,51,0,0,1160071,0,165,504398,111398,78157,53898,53774,30920,120476,51,0
3,0,1531932,0,189,434194,219263,79971,150872,162337,21859,121317,51,0,0,1531932,0,68,434194,219263,79971,150872,162337,21859,121317,51,0,0,1531932,0,49,434194,219263,79971,150872,162337,21859,121317,51,0,0,1531932,0,44,434194,219263,79971,150872,162337,21859,121317,51,0,0,1531932,0,-523,434194,219263,79971,150872,162337,21859,121317,51,0,0,1531932,0,-1525,434194,219263,79971,150872,162337,21859,121317,51,0,0,1531932,0,2047,434194,219263,79971,150872,162337,21859,121317,51,0,0,1531932,0,1059,434194,219263,79971,150872,162337,21859,121317,51,0,0,1160071,0,165,504398,111398,78157,53898,53774,30920,120476,51,0,0,1160071,0,-2048,504398,111398,78157,53898,53774,30920,120476,51,0
3,0,1531932,0,68,434194,219263,79971,150872,162337,21859,121317,51,0,0,1531932,0,49,434194,219263,79971,150872,162337,21859,121317,51,0,0,1531932,0,44,434194,219263,79971,150872,162337,21859,121317,51,0,0,1531932,0,-523,434194,219263,79971,150872,162337,21859,121317,51,0,0,1531932,0,-1525,434194,219263,79971,150872,162337,21859,121317,51,0,0,1531932,0,2047,434194,219263,79971,150872,162337,21859,121317,51,0,0,1531932,0,1059,434194,219263,79971,150872,162337,21859,121317,51,0,0,1160071,0,165,504398,111398,78157,53898,53774,30920,120476,51,0,0,1160071,0,-2048,504398,111398,78157,53898,53774,30920,120476,51,0,0,1160071,0,949,504398,111398,78157,53898,53774,30920,120476,51,0
3,0,1531932,0,49,434194,219263,79971,150872,162337,21859,121317,51,0,0,1531932,0,44,434194,219263,79971,150872,162337,21859,121317,51,0,0,1531932,0,-523,434194,219263,79971,150872,162337,21859,121317,51,0,0,1531932,0,-1525,434194,219263,79971,150872,162337,21859,121317,51,0,0,1531932,0,2047,434194,219263,79971,150872,162337,21859,121317,51,0,0,1531932,0,1059,434194,219263,79971,150872,162337,21859,121317,51,0,0,1160071,0,165,504398,111398,78157,53898,53774,30920,120476,51,0,0,1160071,0,-2048,504398,111398,78157,53898,53774,30920,120476,51,0,0,1160071,0,949,504398,111398,78157,53898,53774,30920,120476,51,0,0,1160071,0,166,504398,111398,78157,53898,53774,30920,120476,51,0
3,0,1531932,0,44,434194,219263,79971,150872,162337,21859,121317,51,0,0,1531932,0,-523,434194,219263,79971,150872,162337,21859,121317,51,0,0,1531932,0,-1525,434194,219263,79971,150872,162337,21859,121317,51,0,0,1531932,0,2047,434194,219263,79971,150872,162337,21859,121317,51,0,0,1531932,0,1059,434194,219263,79971,150872,162337,21859,121317,51,0,0,1160071,0,165,504398,111398,78157,53898,53774,30920,120476,51,0,0,1160071,0,-2048,504398,111398,78157,53898,53774,30920,120476,51,0,0,1160071,0,949,504398,111398,78157,53898,53774,30920,120476,51,0,0,1160071,0,166,504398,111398,78157,53898,53774,30920,120476,51,0,0,1160071,0,59,504398,111398,78157,53898,53774,30920,120476,51,0
3,0,1531932,0,-523,434194,219263,79971,150872,162337,21859,121317,51,0,0,1531932,0,-1525,434194,219263,79971,150872,162337,21859,121317,51,0,0,1531932,0,2047,434194,219263,79971,150872,162337,21859,121317,51,0,0,1531932,0,1059,434194,219263,79971,150872,162337,21859,121317,51,0,0,1160071,0,165,504398,111398,78157,53898,53774,30920,120476,51,0,0,1160071,0,-2048,504398,111398,78157,53898,53774,30920,120476,51,0,0,1160071,0,949,504398,111398,78157,53898,53774,30920,120476,51,0,0,1160071,0,166,504398,111398,78157,53898,53774,30920,120476,51,0,0,1160071,0,59,504398,111398,78157,53898,53774,30920,120476,51,0,0,1160071,0,48,504398,111398,78157,53898,53774,30920,120476,51,0
3,0,1531932,0,-1525,434194,219263,79971,150872,162337,21859,121317,51,0,0,1531932,0,2047,434194,219263,79971,150872,162337,21859,121317,51,0,0,1531932,0,1059,434194,219263,79971,150872,162337,21859,121317,51,0,0,1160071,0,165,504398,111398,78157,53898,53774,30920,120476,51,0,0,1160071,0,-2048,504398,111398,78157,53898,53774,30920,120476,51,0,0,1160071,0,949,504398,111398,78157,53898,53774,30920,120476,51,0,0,1160071,0,166,504398,111398,78157,53898,53774,30920,120476,51,0,0,1160071,0,59,504398,111398,78157,53898,53774,30920,120476,51,0,0,1160071,0,48,504398,111398,78157,53898,53774,30920,120476,51,0,0,1160071,0,44,504398,111398,78157,53898,53774,30920,120476,51,0
3,0,1531932,0,2047,434194,219263,79971,150872,162337,21859,121317,51,0,0,1531932,0,1059,434194,219263,79971,150872,162337,21859,121317,51,0,0,1160071,0,165,504398,111398,78157,53898,53774,30920,120476,51,0,0,1160071,0,-2048,504398,111398,78157,53898,53774,30920,120476,51,0,0,1160071,0,949,504398,111398,78157,53898,53774,30920,120476,51,0,0,1160071,0,166,504398,111398,78157,53898,53774,30920,120476,51,0,0,1160071,0,59,504398,111398,78157,53898,53774,30920,120476,51,0,0,1160071,0,48,504398,111398,78157,53898,53774,30920,120476,51,0,0,1160071,0,44,504398,111398,78157,53898,53774,30920,120476,51,0,0,1160071,0,44,504398,111398,78157,53898,53774,30920,120476,51,0
3,0,1531932,0,1059,434194,219263,79971,150872,162337,21859,121317,51,0,0,1160071,0,165,504398,111398,78157,53898,53774,30920,120476,51,0,0,1160071,0,-2048,504398,111398,78157,53898,53774,30920,120476,51,0,0,1160071,0,949,504398,111398,78157,53898,53774,30920,120476,51,0,0,1160071,0,166,504398,111398,78157,53898,53774,30920,120476,51,0,0,1160071,0,59,504398,111398,78157,53898,53774,30920,120476,51,0,0,1160071,0,48,504398,111398,78157,53898,53774,30920,120476,51,0,0,1160071,0,44,504398,111398,78157,53898,53774,30920,120476,51,0,0,1160071,0,44,504398,111398,78157,53898,53774,30920,120476,51,0,0,1160071,0,-77,504398,111398,78157,53898,53774,30920,120476,51,0
3,0,1160071,0,165,504398,111398,78157,53898,53774,30920,120476,51,0,0,1160071,0,-2048,504398,111398,78157,53898,53774,30920,120476,51,0,0,1160071,0,949,504398,111398,78157,53898,53774,30920,120476,51,0,0,1160071,0,166,504398,111398,78157,53898,53774,30920,120476,51,0,0,1160071,0,59,504398,111398,78157,53898,53774,30920,120476,51,0,0,1160071,0,48,504398,111398,78157,53898,53774,30920,120476,51,0,0,1160071,0,44,504398,111398,78157,53898,53774,30920,120476,51,0,0,1160071,0,44,504398,111398,78157,53898,53774,30920,120476,51,0,0,1160071,0,-77,504398,111398,78157,53898,53774,30920,120476,51,0,0,1160071,0,-874,504398,111398,78157,53898,53774,30920,120476,51,0
3,0,1160071,0,-2048,504398,111398,78157,53898,53774,30920,120476,51,0,0,1160071,0,949,504398,111398,78157,53898,53774,30920,120476,51,0,0,1160071,0,166,504398,111398,78157,53898,53774,30920,120476,51,0,0,1160071,0,59,504398,111398,78157,53898,53774,30920,120476,51,0,0,1160071,0,48,504398,111398,78157,53898,53774,30920,120476,51,0,0,1160071,0,44,504398,111398,78157,53898,53774,30920,120476,51,0,0,1160071,0,44,504398,111398,78157,53898,53774,30920,120476,51,0,0,1160071,0,-77,504398,111398,78157,53898,53774,30920,120476,51,0,0,1160071,0,-874,504398,111398,78157,53898,53774,30920,120476,51,0,0,309186,0,954,151403,8634,20631,57968,52385,32080,20763,51,0
3,0,1160071,0,949,504398,111398,78157,53898,53774,30920,120476,51,0,0,1160071,0,166,504398,111398,78157,53898,53774,30920,120476,51,0,0,1160071,0,59,504398,111398,78157,53898,53774,30920,120476,51,0,0,1160071,0,48,504398,111398,78157,53898,53774,30920,120476,51,0,0,1160071,0,44,504398,111398,78157,53898,53774,30920,120476,51,0,0,1160071,0,44,504398,111398,78157,53898,53774,30920,120476,51,0,0,1160071,0,-77,504398,111398,78157,53898,53774,30920,120476,51,0,0,1160071,0,-874,504398,111398,78157,53898,53774,30920,120476,51,0,0,309186,0,954,151403,8634,20631,57968,52385,32080,20763,51,0,0,309186,0,24,151403,8634,20631,57968,52385,32080,20763,51,0
3,0,1160071,0,166,504398,111398,78157,53898,53774,30920,120476,51,0,0,1160071,0,59,504398,111398,78157,53898,53774,30920,120476,51,0,0,1160071,0,48,504398,111398,78157,53898,53774,30920,120476,51,0,0,1160071,0,44,504398,111398,78157,53898,53774,30920,120476,51,0,0,1160071,0,44,504398,111398,78157,53898,53774,30920,120476,51,0,0,1160071,0,-77,504398,111398,78157,53898,53774,30920,120476,51,0,0,1160071,0,-874,504398,111398,78157,53898,53774,30920,120476,51,0,0,309186,0,954,151403,8634,20631,57968,52385,32080,20763,51,0,0,309186,0,24,151403,8634,20631,57968,52385,32080,20763,51,0,0,309186,0,193,151403,8634,20631,57968,52385,32080,20763,51,0
3,0,1160071,0,59,504398,111398,78157,53898,53774,30920,120476,51,0,0,1160071,0,48,504398,111398,78157,53898,53774,30920,120476,51,0,0,1160071,0,44,504398,111398,78157,53898,53774,30920,120476,51,0,0,1160071,0,44,504398,111398,78157,53898,53774,30920,120476,51,0,0,1160071,0,-77,504398,111398,78157,53898,53774,30920,120476,51,0,0,1160071,0,-874,504398,111398,78157,53898,53774,30920,120476,51,0,0,309186,0,954,151403,8634,20631,57968,52385,32080,20763,51,0,0,309186,0,24,151403,8634,20631,57968,52385,32080,20763,51,0,0,309186,0,193,151403,8634,20631,57968,52385,32080,20763,51,0,0,309186,0,964,151403,8634,20631,57968,52385,32080,20763,51,0
3,0,1160071,0,48,504398,111398,78157,53898,53774,30920,120476,51,0,0,1160071,0,44,504398,111398,78157,53898,53774,30920,120476,51,0,0,1160071,0,44,504398,111398,78157,53898,53774,30920,120476,51,0,0,1160071,0,-77,504398,111398,78157,53898,53774,30920,120476,51,0,0,1160071,0,-874,504398,111398,78157,53898,53774,30920,120476,51,0,0,309186,0,954,151403,8634,20631,57968,52385,32080,20763,51,0,0,309186,0,24,151403,8634,20631,57968,52385,32080,20763,51,0,0,309186,0,193,151403,8634,20631,57968,52385,32080,20763,51,0,0,309186,0,964,151403,8634,20631,57968,52385,32080,20763,51,0,0,309186,0,177,151403,8634,20631,57968,52385,32080,20763,51,0
3,0,1160071,0,44,504398,111398,78157,53898,53774,30920,120476,51,0,0,1160071,0,44,504398,111398,78157,53898,53774,30920,120476,51,0,0,1160071,0,-77,504398,111398,78157,53898,53774,30920,120476,51,0,0,1160071,0,-874,504398,111398,78157,53898,53774,30920,120476,51,0,0,309186,0,954,151403,8634,20631,57968,52385,32080,20763,51,0,0,309186,0,24,151403,8634,20631,57968,52385,32080,20763,51,0,0,309186,0,193,151403,8634,20631,57968,52385,32080,20763,51,0,0,309186,0,964,151403,8634,20631,57968,52385,32080,20763,51,0,0,309186,0,177,151403,8634,20631,57968,52385,32080,20763,51,0,0,309186,0,67,151403,8634,20631,57968,52385,32080,20763,51,0
3,0,1160071,0,44,504398,111398,78157,53898,53774,30920,120476,51,0,0,1160071,0,-77,504398,111398,78157,53898,53774,30920,120476,51,0,0,1160071,0,-874,504398,111398,78157,53898,53774,30920,120476,51,0,0,309186,0,954,151403,8634,20631,57968,52385,32080,20763,51,0,0,309186,0,24,151403,8634,20631,57968,52385,32080,20763,51,0,0,309186,0,193,151403,8634,20631,57968,52385,32080,20763,51,0,0,309186,0,964,151403,8634,20631,57968,52385,32080,20763,51,0,0,309186,0,177,151403,8634,20631,57968,52385,32080,20763,51,0,0,309186,0,67,151403,8634,20631,57968,52385,32080,20763,51,0,0,309186,0,49,151403,8634,20631,57968,52385,32080,20763,51,0
3,0,1160071,0,-77,504398,111398,78157,53898,53774,30920,120476,51,0,0,1160071,0,-874,504398,111398,78157,53898,53774,30920,120476,51,0,0,309186,0,954,151403,8634,20631,57968,52385,32080,20763,51,0,0,309186,0,24,151403,8634,20631,57968,52385,32080,20763,51,0,0,309186,0,193,151403,8634,20631,57968,52385,32080,20763,51,0,0,309186,0,964,151403,8634,20631,57968,52385,32080,20763,51,0,0,309186,0,177,151403,8634,20631,57968,52385,32080,20763,51,0,0,309186,0,67,151403,8634,20631,57968,52385,32080,20763,51,0,0,309186,0,49,151403,8634,20631,57968,52385,32080,20763,51,0,0,309186,0,44,151403,8634,20631,57968,52385,32080,20763,51,0
3,0,1160071,0,-874,504398,111398,78157,53898,53774,30920,120476,51,0,0,309186,0,954,151403,8634,20631,57968,52385,32080,20763,51,0,0,309186,0,24,151403,8634,20631,57968,52385,32080,20763,51,0,0,309186,0,193,151403,8634,20631,57968,52385,32080,20763,51,0,0,309186,0,964,151403,8634,20631,57968,52385,32080,20763,51,0,0,309186,0,177,151403,8634,20631,57968,52385,32080,20763,51,0,0,309186,0,67,151403,8634,20631,57968,52385,32080,20763,51,0,0,309186,0,49,151403,8634,20631,57968,52385,32080,20763,51,0,0,309186,0,44,151403,8634,20631,57968,52385,32080,20763,51,0,0,309186,0,45,151403,8634,20631,57968,52385,32080,20763,51,0
3,0,309186,0,954,151403,8634,20631,57968,52385,32080,20763,51,0,0,309186,0,24,151403,8634,20631,57968,52385,32080,20763,51,0,0,309186,0,193,151403,8634,20631,57968,52385,32080,20763,51,0,0,309186,0,964,151403,8634,20631,57968,52385,32080,20763,51,0,0,309186,0,177,151403,8634,20631,57968,52385,32080,20763,51,0,0,309186,0,67,151403,8634,20631,57968,52385,32080,20763,51,0,0,309186,0,49,151403,8634,20631,57968,52385,32080,20763,51,0,0,309186,0,44,151403,8634,20631,57968,52385,32080,20763,51,0,0,309186,0,45,151403,8634,20631,57968,52385,32080,20763,51,0,0,309186,0,-1172,151403,8634,20631,57968,52385,32080,20763,51,0
3,0,309186,0,24,151403,8634,20631,57968,52385,32080,20763,51,0,0,309186,0,193,151403,8634,20631,57968,52385,32080,20763,51,0,0,309186,0,964,151403,8634,20631,57968,52385,32080,20763,51,0,0,309186,0,177,151403,8634,20631,57968,52385,32080,20763,51,0,0,309186,0,67,151403,8634,20631,57968,52385,32080,20763,51,0,0,309186,0,49,151403,8634,20631,57968,52385,32080,20763,51,0,0,309186,0,44,151403,8634,20631,57968,52385,32080,20763,51,0,0,309186,0,45,151403,8634,20631,57968,52385,32080,20763,51,0,0,309186,0,-1172,151403,8634,20631,57968,52385,32080,20763,51,0,0,1073431,0,1607,184589,71458,720116,435238,386916,107779,50999,51,0
3,0,309186,0,193,151403,8634,20631,57968,52385,32080,20763,51,0,0,309186,0,964,151403,8634,20631,57968,52385,32080,20763,51,0,0,309186,0,177,151403,8634,20631,57968,52385,32080,20763,51,0,0,309186,0,67,151403,8634,20631,57968,52385,32080,20763,51,0,0,309186,0,49,151403,8634,20631,57968,52385,32080,20763,51,0,0,309186,0,44,151403,8634,20631,57968,52385,32080,20763,51,0,0,309186,0,45,151403,8634,20631,57968,52385,32080,20763,51,0,0,309186,0,-1172,151403,8634,20631,57968,52385,32080,20763,51,0,0,1073431,0,1607,184589,71458,720116,435238,386916,107779,50999,51,0,0,1073431,0,288,184589,71458,720116,435238,386916,107779,50999,51,0
3,0,309186,0,964,151403,8634,20631,57968,52385,32080,20763,51,0,0,309186,0,177,151403,8634,20631,57968,52385,32080,20763,51,0,0,309186,0,67,151403,8634,20631,57968,52385,32080,20763,51,0,0,309186,0,49,151403,8634,20631,57968,52385,32080,20763,51,0,0,309186,0,44,151403,8634,20631,57968,52385,32080,20763,51,0,0,309186,0,45,151403,8634,20631,57968,52385,32080,20763,51,0,0,309186,0,-1172,151403,8634,20631,57968,52385,32080,20763,51,0,0,1073431,0,1607,184589,71458,720116,435238,386916,107779,50999,51,0,0,1073431,0,288,184589,71458,720116,435238,386916,107779,50999,51,0,0,1073431,0,-1322,184589,71458,720116,435238,386916,107779,50999,51,0
3,0,309186,0,177,151403,8634,20631,57968,52385,32080,20763,51,0,0,309186,0,67,151403,8634,20631,57968,52385,32080,20763,51,0,0,309186,0,49,151403,8634,20631,57968,52385,32080,20763,51,0,0,309186,0,44,151403,8634,20631,57968,52385,32080,20763,51,0,0,309186,0,45,151403,8634,20631,57968,52385,32080,20763,51,0,0,309186,0,-1172,151403,8634,20631,57968,52385,32080,20763,51,0,0,1073431,0,1607,184589,71458,720116,435238,386916,107779,50999,51,0,0,1073431,0,288,184589,71458,720116,435238,386916,107779,50999,51,0,0,1073431,0,-1322,184589,71458,720116,435238,386916,107779,50999,51,0,0,1073431,0,-2048,184589,71458,720116,435238,386916,107779,50999,51,0
3,0,309186,0,67,151403,8634,20631,57968,52385,32080,20763,51,0,0,309186,0,49,151403,8634,20631,57968,52385,32080,20763,51,0,0,309186,0,44,151403,8634,20631,57968,52385,32080,20763,51,0,0,309186,0,45,151403,8634,20631,57968,52385,32080,20763,51,0,0,309186,0,-1172,151403,8634,20631,57968,52385,32080,20763,51,0,0,1073431,0,1607,184589,71458,720116,435238,386916,107779,50999,51,0,0,1073431,0,288,184589,71458,720116,435238,386916,107779,50999,51,0,0,1073431,0,-1322,184589,71458,720116,435238,386916,107779,50999,51,0,0,1073431,0,-2048,184589,71458,720116,435238,386916,107779,50999,51,0,0,1073431,0,797,184589,71458,720116,435238,386916,107779,50999,51,0
3,0,309186,0,49,151403,8634,20631,57968,52385,32080,20763,51,0,0,309186,0,44,151403,8634,20631,57968,52385,32080,20763,51,0,0,309186,0,45,151403,8634,20631,57968,52385,32080,20763,51,0,0,309186,0,-1172,151403,8634,20631,57968,52385,32080,20763,51,0,0,1073431,0,1607,184589,71458,720116,435238,386916,107779,50999,51,0,0,1073431,0,288,184589,71458,720116,435238,386916,107779,50999,51,0,0,1073431,0,-1322,184589,71458,720116,435238,386916,107779,50999,51,0,0,1073431,0,-2048,184589,71458,720116,435238,386916,107779,50999,51,0,0,1073431,0,797,184589,71458,720116,435238,386916,107779,50999,51,0,0,1073431,0,162,184589,71458,720116,435238,386916,107779,50999,51,0
3,0,309186,0,44,151403,8634,20631,57968,52385,32080,20763,51,0,0,309186,0,45,151403,8634,20631,57968,52385,32080,20763,51,0,0,309186,0,-1172,151403,8634,20631,57968,52385,32080,20763,51,0,0,1073431,0,1607,184589,71458,720116,435238,386916,107779,50999,51,0,0,1073431,0,288,184589,71458,720116,435238,386916,107779,50999,51,0,0,1073431,0,-1322,184589,71458,720116,435238,386916,107779,50999,51,0,0,1073431,0,-2048,184589,71458,720116,435238,386916,107779,50999,51,0,0,1073431,0,797,184589,71458,720116,435238,386916,107779,50999,51,0,0,1073431,0,162,184589,71458,720116,435238,386916,107779,50999,51,0,0,1073431,0,64,184589,71458,720116,435238,386916,107779,50999,51,0
3,0,309186,0,45,151403,8634,20631,57968,52385,32080,20763,51,0,0,309186,0,-1172,151403,8634,20631,57968,52385,32080,20763,51,0,0,1073431,0,1607,184589,71458,720116,435238,386916,107779,50999,51,0,0,1073431,0,288,184589,71458,720116,435238,386916,107779,50999,51,0,0,1073431,0,-1322,184589,71458,720116,435238,386916,107779,50999,51,0,0,1073431,0,-2048,184589,71458,720116,435238,386916,107779,50999,51,0,0,1073431,0,797,184589,71458,720116,435238,386916,107779,50999,51,0,0,1073431,0,162,184589,71458,720116,435238,386916,107779,50999,51,0,0,1073431,0,64,184589,71458,720116,435238,386916,107779,50999,51,0,0,1073431,0,48,184589,71458,720116,435238,386916,107779,50999,51,0
3,0,309186,0,-1172,151403,8634,20631,57968,52385,32080,20763,51,0,0,1073431,0,1607,184589,71458,720116,435238,386916,107779,50999,51,0,0,1073431,0,288,184589,71458,720116,435238,386916,107779,50999,51,0,0,1073431,0,-1322,184589,71458,720116,435238,386916,107779,50999,51,0,0,1073431,0,-2048,184589,71458,720116,435238,386916,107779,50999,51,0,0,1073431,0,797,184589,71458,720116,435238,386916,107779,50999,51,0,0,1073431,0,162,184589,71458,720116,435238,386916,107779,50999,51,0,0,1073431,0,64,184589,71458,720116,435238,386916,107779,50999,51,0,0,1073431,0,48,184589,71458,720116,435238,386916,107779,50999,51,0,0,1073431,0,44,184589,71458,720116,435238,386916,107779,50999,51,0
3,0,1073431,0,1607,184589,71458,720116,435238,386916,107779,50999,51,0,0,1073431,0,288,184589,71458,720116,435238,386916,107779,50999,51,0,0,1073431,0,-1322,184589,71458,720116,435238,386916,107779,50999,51,0,0,1073431,0,-2048,184589,71458,720116,435238,386916,107779,50999,51,0,0,1073431,0,797,184589,71458,720116,435238,386916,107779,50999,51,0,0,1073431,0,162,184589,71458,720116,435238,386916,107779,50999,51,0,0,1073431,0,64,184589,71458,720116,435238,386916,107779,50999,51,0,0,1073431,0,48,184589,71458,720116,435238,386916,107779,50999,51,0,0,1073431,0,44,184589,71458,720116,435238,386916,107779,50999,51,0,0,1073431,0,-2048,184589,71458,720116,435238,386916,107779,50999,51,0
3,0,1073431,0,288,184589,71458,720116,435238,386916,107779,50999,51,0,0,1073431,0,-1322,184589,71458,720116,435238,386916,107779,50999,51,0,0,1073431,0,-2048,184589,71458,720116,435238,386916,107779,50999,51,0,0,1073431,0,797,184589,71458,720116,435238,386916,107779,50999,51,0,0,1073431,0,162,184589,71458,720116,435238,386916,107779,50999,51,0,0,1073431,0,64,184589,71458,720116,435238,386916,107779,50999,51,0,0,1073431,0,48,184589,71458,720116,435238,386916,107779,50999,51,0,0,1073431,0,44,184589,71458,720116,435238,386916,107779,50999,51,0,0,1073431,0,-2048,184589,71458,720116,435238,386916,107779,50999,51,0,0,650220,0,-718,161663,123665,126278,38441,27071,26609,48092,51,0
3,0,1073431,0,-1322,184589,71458,720116,435238,386916,107779,50999,51,0,0,1073431,0,-2048,184589,71458,720116,435238,386916,107779,50999,51,0,0,1073431,0,797,184589,71458,720116,435238,386916,107779,50999,51,0,0,1073431,0,162,184589,71458,720116,435238,386916,107779,50999,51,0,0,1073431,0,64,184589,71458,720116,435238,386916,107779,50999,51,0,0,1073431,0,48,184589,71458,720116,435238,386916,107779,50999,51,0,0,1073431,0,44,184589,71458,720116,435238,386916,107779,50999,51,0,0,1073431,0,-2048,184589,71458,720116,435238,386916,107779,50999,51,0,0,650220,0,-718,161663,123665,126278,38441,27071,26609,48092,51,0,0,650220,0,-72,161663,123665,126278,38441,27071,26609,48092,51,0
3,0,1073431,0,-2048,184589,71458,720116,435238,386916,107779,50999,51,0,0,1073431,0,797,184589,71458,720116,435238,386916,107779,50999,51,0,0,1073431,0,162,184589,71458,720116,435238,386916,107779,50999,51,0,0,1073431,0,64,184589,71458,720116,435238,386916,107779,50999,51,0,0,1073431,0,48,184589,71458,720116,435238,386916,107779,50999,51,0,0,1073431,0,44,184589,71458,720116,435238,386916,107779,50999,51,0,0,1073431,0,-2048,184589,71458,720116,435238,386916,107779,50999,51,0,0,650220,0,-718,161663,123665,126278,38441,27071,26609,48092,51,0,0,650220,0,-72,161663,123665,126278,38441,27071,26609,48092,51,0,0,650220,0,864,161663,123665,126278,38441,27071,26609,48092,51,0
3,0,1073431,0,797,184589,71458,720116,435238,386916,107779,50999,51,0,0,1073431,0,162,184589,71458,720116,435238,386916,107779,50999,51,0,0,1073431,0,64,184589,71458,720116,435238,386916,107779,50999,51,0,0,1073431,0,48,184589,71458,720116,435238,386916,107779,50999,51,0,0,1073431,0,44,184589,71458,720116,435238,386916,107779,50999,51,0,0,1073431,0,-2048,184589,71458,720116,435238,386916,107779,50999,51,0,0,650220,0,-718,161663,123665,126278,38441,27071,26609,48092,51,0,0,650220,0,-72,161663,123665,126278,38441,27071,26609,48092,51,0,0,650220,0,864,161663,123665,126278,38441,27071,26609,48092,51,0,0,650220,0,997,161663,123665,126278,38441,27071,26609,48092,51,0
3,0,1073431,0,162,184589,71458,720116,435238,386916,107779,50999,51,0,0,1073431,0,64,184589,71458,720116,435238,386916,107779,50999,51,0,0,1073431,0,48,184589,71458,720116,435238,386916,107779,50999,51,0,0,1073431,0,44,184589,71458,720116,435238,386916,107779,50999,51,0,0,1073431,0,-2048,184589,71458,720116,435238,386916,107779,50999,51,0,0,650220,0,-718,161663,123665,126278,38441,27071,26609,48092,51,0,0,650220,0,-72,161663,123665,126278,38441,27071,26609,48092,51,0,0,650220,0,864,161663,123665,126278,38441,27071,26609,48092,51,0,0,650220,0,997,161663,123665,126278,38441,27071,26609,48092,51,0,0,650220,0,340,161663,123665,126278,38441,27071,26609,48092,51,0
3,0,1073431,0,64,184589,71458,720116,435238,386916,107779,50999,51,0,0,1073431,0,48,184589,71458,720116,435238,386916,107779,50999,51,0,0,1073431,0,44,184589,71458,720116,435238,386916,107779,50999,51,0,0,1073431,0,-2048,184589,71458,720116,435238,386916,107779,50999,51,0,0,650220,0,-718,161663,123665,126278,38441,27071,26609,48092,51,0,0,650220,0,-72,161663,123665,126278,38441,27071,26609,48092,51,0,0,650220,0,864,161663,123665,126278,38441,27071,26609,48092,51,0,0,650220,0,997,161663,123665,126278,38441,27071,26609,48092,51,0,0,650220,0,340,161663,123665,126278,38441,27071,26609,48092,51,0,0,650220,0,2047,161663,123665,126278,38441,27071,26609,48092,51,0
3,0,1073431,0,48,184589,71458,720116,435238,386916,107779,50999,51,0,0,1073431,0,44,184589,71458,720116,435238,386916,107779,50999,51,0,0,1073431,0,-2048,184589,71458,720116,435238,386916,107779,50999,51,0,0,650220,0,-718,161663,123665,126278,38441,27071,26609,48092,51,0,0,650220,0,-72,161663,123665,126278,38441,27071,26609,48092,51,0,0,650220,0,864,161663,123665,126278,38441,27071,26609,48092,51,0,0,650220,0,997,161663,123665,126278,38441,27071,26609,48092,51,0,0,650220,0,340,161663,123665,126278,38441,27071,26609,48092,51,0,0,650220,0,2047,161663,123665,126278,38441,27071,26609,48092,51,0,0,650220,0,373,161663,123665,126278,38441,27071,26609,48092,51,0
3,0,1073431,0,44,184589,71458,720116,435238,386916,107779,50999,51,0,0,1073431,0,-2048,184589,71458,720116,435238,386916,107779,50999,51,0,0,650220,0,-718,161663,123665,126278,38441,27071,26609,48092,51,0,0,650220,0,-72,161663,123665,126278,38441,27071,26609,48092,51,0,0,650220,0,864,161663,123665,126278,38441,27071,26609,48092,51,0,0,650220,0,997,161663,123665,126278,38441,27071,26609,48092,51,0,0,650220,0,340,161663,123665,126278,38441,27071,26609,48092,51,0,0,650220,0,2047,161663,123665,126278,38441,27071,26609,48092,51,0,0,650220,0,373,161663,123665,126278,38441,27071,26609,48092,51,0,0,650220,0,93,161663,123665,126278,38441,27071,26609,48092,51,0
3,0,1073431,0,-2048,184589,71458,720116,435238,386916,107779,50999,51,0,0,650220,0,-718,161663,123665,126278,38441,27071,26609,48092,51,0,0,650220,0,-72,161663,123665,126278,38441,27071,26609,48092,51,0,0,650220,0,864,161663,123665,126278,38441,27071,26609,48092,51,0,0,650220,0,997,161663,123665,126278,38441,27071,26609,48092,51,0,0,650220,0,340,161663,123665,126278,38441,27071,26609,48092,51,0,0,650220,0,2047,161663,123665,126278,38441,27071,26609,48092,51,0,0,650220,0,373,161663,123665,126278,38441,27071,26609,48092,51,0,0,650220,0,93,161663,123665,126278,38441,27071,26609,48092,51,0,0,650220,0,52,161663,123665,126278,38441,27071,26609,48092,51,0
3,0,650220,0,-718,161663,123665,126278,38441,27071,26609,48092,51,0,0,650220,0,-72,161663,123665,126278,38441,27071,26609,48092,51,0,0,650220,0,864,161663,123665,126278,38441,27071,26609,48092,51,0,0,650220,0,997,161663,123665,126278,38441,27071,26609,48092,51,0,0,650220,0,340,161663,123665,126278,38441,27071,26609,48092,51,0,0,650220,0,2047,161663,123665,126278,38441,27071,26609,48092,51,0,0,650220,0,373,161663,123665,126278,38441,27071,26609,48092,51,0,0,650220,0,93,161663,123665,126278,38441,27071,26609,48092,51,0,0,650220,0,52,161663,123665,126278,38441,27071,26609,48092,51,0,0,650220,0,44,161663,123665,126278,38441,27071,26609,48092,51,0
3,0,650220,0,-72,161663,123665,126278,38441,27071,26609,48092,51,0,0,650220,0,864,161663,123665,126278,38441,27071,26609,48092,51,0,0,650220,0,997,161663,123665,126278,38441,27071,26609,48092,51,0,0,650220,0,340,161663,123665,126278,38441,27071,26609,48092,51,0,0,650220,0,2047,161663,123665,126278,38441,27071,26609,48092,51,0,0,650220,0,373,161663,123665,126278,38441,27071,26609,48092,51,0,0,650220,0,93,161663,123665,126278,38441,27071,26609,48092,51,0,0,650220,0,52,161663,123665,126278,38441,27071,26609,48092,51,0,0,650220,0,44,161663,123665,126278,38441,27071,26609,48092,51,0,0,837265,0,45,177868,39408,114121,51777,32303,11573,10245,51,0
3,0,650220,0,864,161663,123665,126278,38441,27071,26609,48092,51,0,0,650220,0,997,161663,123665,126278,38441,27071,26609,48092,51,0,0,650220,0,340,161663,123665,126278,38441,27071,26609,48092,51,0,0,650220,0,2047,161663,123665,126278,38441,27071,26609,48092,51,0,0,650220,0,373,161663,123665,126278,38441,27071,26609,48092,51,0,0,650220,0,93,161663,123665,126278,38441,27071,26609,48092,51,0,0,650220,0,52,161663,123665,126278,38441,27071,26609,48092,51,0,0,650220,0,44,161663,123665,126278,38441,27071,26609,48092,51,0,0,837265,0,45,177868,39408,114121,51777,32303,11573,10245,51,0,0,837265,0,-2048,177868,39408,114121,51777,32303,11573,10245,51,0
3,0,650220,0,997,161663,123665,126278,38441,27071,26609,48092,51,0,0,650220,0,340,161663,123665,126278,38441,27071,26609,48092,51,0,0,650220,0,2047,161663,123665,126278,38441,27071,26609,48092,51,0,0,650220,0,373,161663,123665,126278,38441,27071,26609,48092,51,0,0,650220,0,93,161663,123665,126278,38441,27071,26609,48092,51,0,0,650220,0,52,161663,123665,126278,38441,27071,26609,48092,51,0,0,650220,0,44,161663,123665,126278,38441,27071,26609,48092,51,0,0,837265,0,45,177868,39408,114121,51777,32303,11573,10245,51,0,0,837265,0,-2048,177868,39408,114121,51777,32303,11573,10245,51,0,0,837265,0,-333,177868,39408,114121,51777,32303,11573,10245,51,0
3,0,650220,0,340,161663,123665,126278,38441,27071,26609,48092,51,0,0,650220,0,2047,161663,123665,126278,38441,27071,26609,48092,51,0,0,650220,0,373,161663,123665,126278,38441,27071,26609,48092,51,0,0,650220,0,93,161663,123665,126278,38441,27071,26609,48092,51,0,0,650220,0,52,161663,123665,126278,38441,27071,26609,48092,51,0,0,650220,0,44,161663,123665,126278,38441,27071,26609,48092,51,0,0,837265,0,45,177868,39408,114121,51777,32303,11573,10245,51,0,0,837265,0,-2048,177868,39408,114121,51777,32303,11573,10245,51,0,0,837265,0,-333,177868,39408,114121,51777,32303,11573,10245,51,0,0,837265,0,1416,177868,39408,114121,51777,32303,11573,10245,51,0
3,0,650220,0,2047,161663,123665,126278,38441,27071,26609,48092,51,0,0,650220,0,373,161663,123665,126278,38441,27071,26609,48092,51,0,0,650220,0,93,161663,123665,126278,38441,27071,26609,48092,51,0,0,650220,0,52,161663,123665,126278,38441,27071,26609,48092,51,0,0,650220,0,44,161663,123665,126278,38441,27071,26609,48092,51,0,0,837265,0,45,177868,39408,114121,51777,32303,11573,10245,51,0,0,837265,0,-2048,177868,39408,114121,51777,32303,11573,10245,51,0,0,837265,0,-333,177868,39408,114121,51777,32303,11573,10245,51,0,0,837265,0,1416,177868,39408,114121,51777,32303,11573,10245,51,0,0,837265,0,258,177868,39408,114121,51777,32303,11573,10245,51,0
3,0,650220,0,373,161663,123665,126278,38441,27071,26609,48092,51,0,0,650220,0,93,161663,123665,126278,38441,27071,26609,48092,51,0,0,650220,0,52,161663,123665,126278,38441,27071,26609,48092,51,0,0,650220,0,44,161663,123665,126278,38441,27071,26609,48092,51,0,0,837265,0,45,177868,39408,114121,51777,32303,11573,10245,51,0,0,837265,0,-2048,177868,39408,114121,51777,32303,11573,10245,51,0,0,837265,0,-333,177868,39408,114121,51777,32303,11573,10245,51,0,0,837265,0,1416,177868,39408,114121,51777,32303,11573,10245,51,0,0,837265,0,258,177868,39408,114121,51777,32303,11573,10245,51,0,0,837265,0,75,177868,39408,114121,51777,32303,11573,10245,51,0
3,0,650220,0,93,161663,123665,126278,38441,27071,26609,48092,51,0,0,650220,0,52,161663,123665,126278,38441,27071,26609,48092,51,0,0,650220,0,44,161663,123665,126278,38441,27071,26609,48092,51,0,0,837265,0,45,177868,39408,114121,51777,32303,11573,10245,51,0,0,837265,0,-2048,177868,39408,114121,51777,32303,11573,10245,51,0,0,837265,0,-333,177868,39408,114121,51777,32303,11573,10245,51,0,0,837265,0,1416,177868,39408,114121,51777,32303,11573,10245,51,0,0,837265,0,258,177868,39408,114121,51777,32303,11573,10245,51,0,0,837265,0,75,177868,39408,114121,51777,32303,11573,10245,51,0,0,837265,0,-2048,177868,39408,114121,51777,32303,11573,10245,51,0
3,0,650220,0,52,161663,123665,126278,38441,27071,26609,48092,51,0,0,650220,0,44,161663,123665,126278,38441,27071,26609,48092,51,0,0,837265,0,45,177868,39408,114121,51777,32303,11573,10245,51,0,0,837265,0,-2048,177868,39408,114121,51777,32303,11573,10245,51,0,0,837265,0,-333,177868,39408,114121,51777,32303,11573,10245,51,0,0,837265,0,1416,177868,39408,114121,51777,32303,11573,10245,51,0,0,837265,0,258,177868,39408,114121,51777,32303,11573,10245,51,0,0,837265,0,75,177868,39408,114121,51777,32303,11573,10245,51,0,0,837265,0,-2048,177868,39408,114121,51777,32303,11573,10245,51,0,0,837265,0,675,177868,39408,114121,51777,32303,11573,10245,51,0
3,0,650220,0,44,161663,123665,126278,38441,27071,26609,48092,51,0,0,837265,0,45,177868,39408,114121,51777,32303,11573,10245,51,0,0,837265,0,-2048,177868,39408,114121,51777,32303,11573,10245,51,0,0,837265,0,-333,177868,39408,114121,51777,32303,11573,10245,51,0,0,837265,0,1416,177868,39408,114121,51777,32303,11573,10245,51,0,0,837265,0,258,177868,39408,114121,51777,32303,11573,10245,51,0,0,837265,0,75,177868,39408,114121,51777,32303,11573,10245,51,0,0,837265,0,-2048,177868,39408,114121,51777,32303,11573,10245,51,0,0,837265,0,675,177868,39408,114121,51777,32303,11573,10245,51,0,0,837265,0,144,177868,39408,114121,51777,32303,11573,10245,51,0
3,0,837265,0,45,177868,39408,114121,51777,32303,11573,10245,51,0,0,837265,0,-2048,177868,39408,114121,51777,32303,11573,10245,51,0,0,837265,0,-333,177868,39408,114121,51777,32303,11573,10245,51,0,0,837265,0,1416,177868,39408,114121,51777,32303,11573,10245,51,0,0,837265,0,258,177868,39408,114121,51777,32303,11573,10245,51,0,0,837265,0,75,177868,39408,114121,51777,32303,11573,10245,51,0,0,837265,0,-2048,177868,39408,114121,51777,32303,11573,10245,51,0,0,837265,0,675,177868,39408,114121,51777,32303,11573,10245,51,0,0,837265,0,144,177868,39408,114121,51777,32303,11573,10245,51,0,0,837265,0,55,177868,39408,114121,51777,32303,11573,10245,51,0
3,0,837265,0,-2048,177868,39408,114121,51777,32303,11573,10245,51,0,0,837265,0,-333,177868,39408,114121,51777,32303,11573,10245,51,0,0,837265,0,1416,177868,39408,114121,51777,32303,11573,10245,51,0,0,837265,0,258,177868,39408,114121,51777,32303,11573,10245,51,0,0,837265,0,75,177868,39408,114121,51777,32303,11573,10245,51,0,0,837265,0,-2048,177868,39408,114121,51777,32303,11573,10245,51,0,0,837265,0,675,177868,39408,114121,51777,32303,11573,10245,51,0,0,837265,0,144,177868,39408,114121,51777,32303,11573,10245,51,0,0,837265,0,55,177868,39408,114121,51777,32303,11573,10245,51,0,0,968612,0,45,356253,28691,72069,112731,170403,63706,40268,51,0
3,0,837265,0,-333,177868,39408,114121,51777,32303,11573,10245,51,0,0,837265,0,1416,177868,39408,114121,51777,32303,11573,10245,51,0,0,837265,0,258,177868,39408,114121,51777,32303,11573,10245,51,0,0,837265,0,75,177868,39408,114121,51777,32303,11573,10245,51,0,0,837265,0,-2048,177868,39408,114121,51777,32303,11573,10245,51,0,0,837265,0,675,177868,39408,114121,51777,32303,11573,10245,51,0,0,837265,0,144,177868,39408,114121,51777,32303,11573,10245,51,0,0,837265,0,55,177868,39408,114121,51777,32303,11573,10245,51,0,0,968612,0,45,356253,28691,72069,112731,170403,63706,40268,51,0,0,968612,0,-1693,356253,28691,72069,112731,170403,63706,40268,51,0
3,0,837265,0,1416,177868,39408,114121,51777,32303,11573,10245,51,0,0,837265,0,258,177868,39408,114121,51777,32303,11573,10245,51,0,0,837265,0,75,177868,39408,114121,51777,32303,11573,10245,51,0,0,837265,0,-2048,177868,39408,114121,51777,32303,11573,10245,51,0,0,837265,0,675,177868,39408,114121,51777,32303,11573,10245,51,0,0,837265,0,144,177868,39408,114121,51777,32303,11573,10245,51,0,0,837265,0,55,177868,39408,114121,51777,32303,11573,10245,51,0,0,968612,0,45,356253,28691,72069,112731,170403,63706,40268,51,0,0,968612,0,-1693,356253,28691,72069,112731,170403,63706,40268,51,0,0,968612,0,-162,356253,28691,72069,112731,170403,63706,40268,51,0
3,0,837265,0,258,177868,39408,114121,51777,32303,11573,10245,51,0,0,837265,0,75,177868,39408,114121,51777,32303,11573,10245,51,0,0,837265,0,-2048,177868,39408,114121,51777,32303,11573,10245,51,0,0,837265,0,675,177868,39408,114121,51777,32303,11573,10245,51,0,0,837265,0,144,177868,39408,114121,51777,32303,11573,10245,51,0,0,837265,0,55,177868,39408,114121,51777,32303,11573,10245,51,0,0,968612,0,45,356253,28691,72069,112731,170403,63706,40268,51,0,0,968612,0,-1693,356253,28691,72069,112731,170403,63706,40268,51,0,0,968612,0,-162,356253,28691,72069,112731,170403,63706,40268,51,0,0,968612,0,-1624,356253,28691,72069,112731,170403,63706,40268,51,0
3,0,837265,0,75,177868,39408,114121,51777,32303,11573,10245,51,0,0,837265,0,-2048,177868,39408,114121,51777,32303,11573,10245,51,0,0,837265,0,675,177868,39408,114121,51777,32303,11573,10245,51,0,0,837265,0,144,177868,39408,114121,51777,32303,11573,10245,51,0,0,837265,0,55,177868,39408,114121,51777,32303,11573,10245,51,0,0,968612,0,45,356253,28691,72069,112731,170403,63706,40268,51,0,0,968612,0,-1693,356253,28691,72069,112731,170403,63706,40268,51,0,0,968612,0,-162,356253,28691,72069,112731,170403,63706,40268,51,0,0,968612,0,-1624,356253,28691,72069,112731,170403,63706,40268,51,0,0,968612,0,1057,356253,28691,72069,112731,170403,63706,40268,51,0
3,0,837265,0,-2048,177868,39408,114121,51777,32303,11573,10245,51,0,0,837265,0,675,177868,39408,114121,51777,32303,11573,10245,51,0,0,837265,0,144,177868,39408,114121,51777,32303,11573,10245,51,0,0,837265,0,55,177868,39408,114121,51777,32303,11573,10245,51,0,0,968612,0,45,356253,28691,72069,112731,170403,63706,40268,51,0,0,968612,0,-1693,356253,28691,72069,112731,170403,63706,40268,51,0,0,968612,0,-162,356253,28691,72069,112731,170403,63706,40268,51,0,0,968612,0,-1624,356253,28691,72069,112731,170403,63706,40268,51,0,0,968612,0,1057,356253,28691,72069,112731,170403,63706,40268,51,0,0,968612,0,201,356253,28691,72069,112731,170403,63706,40268,51,0
3,0,837265,0,675,177868,39408,114121,51777,32303,11573,10245,51,0,0,837265,0,144,177868,39408,114121,51777,32303,11573,10245,51,0,0,837265,0,55,177868,39408,114121,51777,32303,11573,10245,51,0,0,968612,0,45,356253,28691,72069,112731,170403,63706,40268,51,0,0,968612,0,-1693,356253,28691,72069,112731,170403,63706,40268,51,0,0,968612,0,-162,356253,28691,72069,112731,170403,63706,40268,51,0,0,968612,0,-1624,356253,28691,72069,112731,170403,63706,40268,51,0,0,968612,0,1057,356253,28691,72069,112731,170403,63706,40268,51,0,0,968612,0,201,356253,28691,72069,112731,170403,63706,40268,51,0,0,968612,0,68,356253,28691,72069,112731,170403,63706,40268,51,0
3,0,837265,0,144,177868,39408,114121,51777,32303,11573,10245,51,0,0,837265,0,55,177868,39408,114121,51777,32303,11573,10245,51,0,0,968612,0,45,356253,28691,72069,112731,170403,63706,40268,51,0,0,968612,0,-1693,356253,28691,72069,112731,170403,63706,40268,51,0,0,968612,0,-162,356253,28691,72069,112731,170403,63706,40268,51,0,0,968612,0,-1624,356253,28691,72069,112731,170403,63706,40268,51,0,0,968612,0,1057,356253,28691,72069,112731,170403,63706,40268,51,0,0,968612,0,201,356253,28691,72069,112731,170403,63706,40268,51,0,0,968612,0,68,356253,28691,72069,112731,170403,63706,40268,51,0,0,968612,0,2047,356253,28691,72069,112731,170403,63706,40268,51,0
3,0,837265,0,55,177868,39408,114121,51777,32303,11573,10245,51,0,0,968612,0,45,356253,28691,72069,112731,170403,63706,40268,51,0,0,968612,0,-1693,356253,28691,72069,112731,170403,63706,40268,51,0,0,968612,0,-162,356253,28691,72069,112731,170403,63706,40268,51,0,0,968612,0,-1624,356253,28691,72069,112731,170403,63706,40268,51,0,0,968612,0,1057,356253,28691,72069,112731,170403,63706,40268,51,0,0,968612,0,201,356253,28691,72069,112731,170403,63706,40268,51,0,0,968612,0,68,356253,28691,72069,112731,170403,63706,40268,51,0,0,968612,0,2047,356253,28691,72069,112731,170403,63706,40268,51,0,0,968612,0,458,356253,28691,72069,112731,170403,63706,40268,51,0
3,0,968612,0,45,356253,28691,72069,112731,170403,63706,40268,51,0,0,968612,0,-1693,356253,28691,72069,112731,170403,63706,40268,51,0,0,968612,0,-162,356253,28691,72069,112731,170403,63706,40268,51,0,0,968612,0,-1624,356253,28691,72069,112731,170403,63706,40268,51,0,0,968612,0,1057,356253,28691,72069,112731,170403,63706,40268,51,0,0,968612,0,201,356253,28691,72069,112731,170403,63706,40268,51,0,0,968612,0,68,356253,28691,72069,112731,170403,63706,40268,51,0,0,968612,0,2047,356253,28691,72069,112731,170403,63706,40268,51,0,0,968612,0,458,356253,28691,72069,112731,170403,63706,40268,51,0,0,968612,0,73,356253,28691,72069,112731,170403,63706,40268,51,0
3,0,968612,0,-1693,356253,28691,72069,112731,170403,63706,40268,51,0,0,968612,0,-162,356253,28691,72069,112731,170403,63706,40268,51,0,0,968612,0,-1624,356253,28691,72069,112731,170403,63706,40268,51,0,0,968612,0,1057,356253,28691,72069,112731,170403,63706,40268,51,0,0,968612,0,201,356253,28691,72069,112731,170403,63706,40268,51,0,0,968612,0,68,356253,28691,72069,112731,170403,63706,40268,51,0,0,968612,0,2047,356253,28691,72069,112731,170403,63706,40268,51,0,0,968612,0,458,356253,28691,72069,112731,170403,63706,40268,51,0,0,968612,0,73,356253,28691,72069,112731,170403,63706,40268,51,0,0,1294676,0,55,172227,38072,83468,286395,144626,131921,123732,51,0
3,0,968612,0,-162,356253,28691,72069,112731,170403,63706,40268,51,0,0,968612,0,-1624,356253,28691,72069,112731,170403,63706,40268,51,0,0,968612,0,1057,356253,28691,72069,112731,170403,63706,40268,51,0,0,968612,0,201,356253,28691,72069,112731,170403,63706,40268,51,0,0,968612,0,68,356253,28691,72069,112731,170403,63706,40268,51,0,0,968612,0,2047,356253,28691,72069,112731,170403,63706,40268,51,0,0,968612,0,458,356253,28691,72069,112731,170403,63706,40268,51,0,0,968612,0,73,356253,28691,72069,112731,170403,63706,40268,51,0,0,1294676,0,55,172227,38072,83468,286395,144626,131921,123732,51,0,0,1294676,0,44,172227,38072,83468,286395,144626,131921,123732,51,0
3,0,968612,0,-1624,356253,28691,72069,112731,170403,63706,40268,51,0,0,968612,0,1057,356253,28691,72069,112731,170403,63706,40268,51,0,0,968612,0,201,356253,28691,72069,112731,170403,63706,40268,51,0,0,968612,0,68,356253,28691,72069,112731,170403,63706,40268,51,0,0,968612,0,2047,356253,28691,72069,112731,170403,63706,40268,51,0,0,968612,0,458,356253,28691,72069,112731,170403,63706,40268,51,0,0,968612,0,73,356253,28691,72069,112731,170403,63706,40268,51,0,0,1294676,0,55,172227,38072,83468,286395,144626,131921,123732,51,0,0,1294676,0,44,172227,38072,83468,286395,144626,131921,123732,51,0,0,1294676,0,44,172227,38072,83468,286395,144626,131921,123732,51,0
3,0,968612,0,1057,356253,28691,72069,112731,170403,63706,40268,51,0,0,968612,0,201,356253,28691,72069,112731,170403,63706,40268,51,0,0,968612,0,68,356253,28691,72069,112731,170403,63706,40268,51,0,0,968612,0,2047,356253,28691,72069,112731,170403,63706,40268,51,0,0,968612,0,458,356253,28691,72069,112731,170403,63706,40268,51,0,0,968612,0,73,356253,28691,72069,112731,170403,63706,40268,51,0,0,1294676,0,55,172227,38072,83468,286395,144626,131921,123732,51,0,0,1294676,0,44,172227,38072,83468,286395,144626,131921,123732,51,0,0,1294676,0,44,172227,38072,83468,286395,144626,131921,123732,51,0,0,1294676,0,44,172227,38072,83468,286395,144626,131921,123732,51,0
3,0,968612,0,201,356253,28691,72069,112731,170403,63706,40268,51,0,0,968612,0,68,356253,28691,72069,112731,170403,63706,40268,51,0,0,968612,0,2047,356253,28691,72069,112731,170403,63706,40268,51,0,0,968612,0,458,356253,28691,72069,112731,170403,63706,40268,51,0,0,968612,0,73,356253,28691,72069,112731,170403,63706,40268,51,0,0,1294676,0,55,172227,38072,83468,286395,144626,131921,123732,51,0,0,1294676,0,44,172227,38072,83468,286395,144626,131921,123732,51,0,0,1294676,0,44,172227,38072,83468,286395,144626,131921,123732,51,0,0,1294676,0,44,172227,38072,83468,286395,144626,131921,123732,51,0,0,1294676,0,50,172227,38072,83468,286395,144626,131921,123732,51,0
3,0,968612,0,68,356253,28691,72069,112731,170403,63706,40268,51,0,0,968612,0,2047,356253,28691,72069,112731,170403,63706,40268,51,0,0,968612,0,458,356253,28691,72069,112731,170403,63706,40268,51,0,0,968612,0,73,356253,28691,72069,112731,170403,63706,40268,51,0,0,1294676,0,55,172227,38072,83468,286395,144626,131921,123732,51,0,0,1294676,0,44,172227,38072,83468,286395,144626,131921,123732,51,0,0,1294676,0,44,172227,38072,83468,286395,144626,131921,123732,51,0,0,1294676,0,44,172227,38072,83468,286395,144626,131921,123732,51,0,0,1294676,0,50,172227,38072,83468,286395,144626,131921,123732,51,0,0,1294676,0,-933,172227,38072,83468,286395,144626,131921,123732,51,0
3,0,968612,0,2047,356253,28691,72069,112731,170403,63706,40268,51,0,0,968612,0,458,356253,28691,72069,112731,170403,63706,40268,51,0,0,968612,0,73,356253,28691,72069,112731,170403,63706,40268,51,0,0,1294676,0,55,172227,38072,83468,286395,144626,131921,123732,51,0,0,1294676,0,44,172227,38072,83468,286395,144626,131921,123732,51,0,0,1294676,0,44,172227,38072,83468,286395,144626,131921,123732,51,0,0,1294676,0,44,172227,38072,83468,286395,144626,131921,123732,51,0,0,1294676,0,50,172227,38072,83468,286395,144626,131921,123732,51,0,0,1294676,0,-933,172227,38072,83468,286395,144626,131921,123732,51,0,0,1294676,0,1725,172227,38072,83468,286395,144626,131921,123732,51,0
3,0,968612,0,458,356253,28691,72069,112731,170403,63706,40268,51,0,0,968612,0,73,356253,28691,72069,112731,170403,63706,40268,51,0,0,1294676,0,55,172227,38072,83468,286395,144626,131921,123732,51,0,0,1294676,0,44,172227,38072,83468,286395,144626,131921,123732,51,0,0,1294676,0,44,172227,38072,83468,286395,144626,131921,123732,51,0,0,1294676,0,44,172227,38072,83468,286395,144626,131921,123732,51,0,0,1294676,0,50,172227,38072,83468,286395,144626,131921,123732,51,0,0,1294676,0,-933,172227,38072,83468,286395,144626,131921,123732,51,0,0,1294676,0,1725,172227,38072,83468,286395,144626,131921,123732,51,0,0,1294676,0,312,172227,38072,83468,286395,144626,131921,123732,51,0
3,0,968612,0,73,356253,28691,72069,112731,170403,63706,40268,51,0,0,1294676,0,55,172227,38072,83468,286395,144626,131921,123732,51,0,0,1294676,0,44,172227,38072,83468,286395,144626,131921,123732,51,0,0,1294676,0,44,172227,38072,83468,286395,144626,131921,123732,51,0,0,1294676,0,44,172227,38072,83468,286395,144626,131921,123732,51,0,0,1294676,0,50,172227,38072,83468,286395,144626,131921,123732,51,0,0,1294676,0,-933,172227,38072,83468,286395,144626,131921,123732,51,0,0,1294676,0,1725,172227,38072,83468,286395,144626,131921,123732,51,0,0,1294676,0,312,172227,38072,83468,286395,144626,131921,123732,51,0,0,1294676,0,310,172227,38072,83468,286395,144626,131921,123732,51,0
3,0,1294676,0,55,172227,38072,83468,286395,144626,131921,123732,51,0,0,1294676,0,44,172227,38072,83468,286395,144626,131921,123732,51,0,0,1294676,0,44,172227,38072,83468,286395,144626,131921,123732,51,0,0,1294676,0,44,172227,38072,83468,286395,144626,131921,123732,51,0,0,1294676,0,50,172227,38072,83468,286395,144626,131921,123732,51,0,0,1294676,0,-933,172227,38072,83468,286395,144626,131921,123732,51,0,0,1294676,0,1725,172227,38072,83468,286395,144626,131921,123732,51,0,0,1294676,0,312,172227,38072,83468,286395,144626,131921,123732,51,0,0,1294676,0,310,172227,38072,83468,286395,144626,131921,123732,51,0,0,1294676,0,1140,172227,38072,83468,286395,144626,131921,123732,51,0
3,0,1294676,0,44,172227,38072,83468,286395,144626,131921,123732,51,0,0,1294676,0,44,172227,38072,83468,286395,144626,131921,123732,51,0,0,1294676,0,44,172227,38072,83468,286395,144626,131921,123732,51,0,0,1294676,0,50,172227,38072,83468,286395,144626,131921,123732,51,0,0,1294676,0,-933,172227,38072,83468,286395,144626,131921,123732,51,0,0,1294676,0,1725,172227,38072,83468,286395,144626,131921,123732,51,0,0,1294676,0,312,172227,38072,83468,286395,144626,131921,123732,51,0,0,1294676,0,310,172227,38072,83468,286395,144626,131921,123732,51,0,0,1294676,0,1140,172227,38072,83468,286395,144626,131921,123732,51,0,0,1546473,0,242,1699778,70837,264586,309257,441320,203376,557108,51,0
3,0,1294676,0,44,172227,38072,83468,286395,144626,131921,123732,51,0,0,1294676,0,44,172227,38072,83468,286395,144626,131921,123732,51,0,0,1294676,0,50,172227,38072,83468,286395,144626,131921,123732,51,0,0,1294676,0,-933,172227,38072,83468,286395,144626,131921,123732,51,0,0,1294676,0,1725,172227,38072,83468,286395,144626,131921,123732,51,0,0,1294676,0,312,172227,38072,83468,286395,144626,131921,123732,51,0,0,1294676,0,310,172227,38072,83468,286395,144626,131921,123732,51,0,0,1294676,0,1140,172227,38072,83468,286395,144626,131921,123732,51,0,0,1546473,0,242,1699778,70837,264586,309257,441320,203376,557108,51,0,0,1546473,0,73,1699778,70837,264586,309257,441320,203376,557108,51,0
3,0,1294676,0,44,172227,38072,83468,286395,144626,131921,123732,51,0,0,1294676,0,50,172227,38072,83468,286395,144626,131921,123732,51,0,0,1294676,0,-933,172227,38072,83468,286395,144626,131921,123732,51,0,0,1294676,0,1725,172227,38072,83468,286395,144626,131921,123732,51,0,0,1294676,0,312,172227,38072,83468,286395,144626,131921,123732,51,0,0,1294676,0,310,172227,38072,83468,286395,144626,131921,123732,51,0,0,1294676,0,1140,172227,38072,83468,286395,144626,131921,123732,51,0,0,1546473,0,242,1699778,70837,264586,309257,441320,203376,557108,51,0,0,1546473,0,73,1699778,70837,264586,309257,441320,203376,557108,51,0,0,1546473,0,49,1699778,70837,264586,309257,441320,203376,557108,51,0
3,0,1294676,0,50,172227,38072,83468,286395,144626,131921,123732,51,0,0,1294676,0,-933,172227,38072,83468,286395,144626,131921,123732,51,0,0,1294676,0,1725,172227,38072,83468,286395,144626,131921,123732,51,0,0,1294676,0,312,172227,38072,83468,286395,144626,131921,123732,51,0,0,1294676,0,310,172227,38072,83468,286395,144626,131921,123732,51,0,0,1294676,0,1140,172227,38072,83468,286395,144626,131921,123732,51,0,0,1546473,0,242,1699778,70837,264586,309257,441320,203376,557108,51,0,0,1546473,0,73,1699778,70837,264586,309257,441320,203376,557108,51,0,0,1546473,0,49,1699778,70837,264586,309257,441320,203376,557108,51,0,0,1546473,0,44,1699778,70837,264586,309257,441320,203376,557108,51,0
3,0,1294676,0,-933,172227,38072,83468,286395,144626,131921,123732,51,0,0,1294676,0,1725,172227,38072,83468,286395,144626,131921,123732,51,0,0,1294676,0,312,172227,38072,83468,286395,144626,131921,123732,51,0,0,1294676,0,310,172227,38072,83468,286395,144626,131921,123732,51,0,0,1294676,0,1140,172227,38072,83468,286395,144626,131921,123732,51,0,0,1546473,0,242,1699778,70837,264586,309257,441320,203376,557108,51,0,0,1546473,0,73,1699778,70837,264586,309257,441320,203376,557108,51,0,0,1546473,0,49,1699778,70837,264586,309257,441320,203376,557108,51,0,0,1546473,0,44,1699778,70837,264586,309257,441320,203376,557108,51,0,0,1546473,0,43,1699778,70837,264586,309257,441320,203376,557108,51,0
3,0,1294676,0,1725,172227,38072,83468,286395,144626,131921,123732,51,0,0,1294676,0,312,172227,38072,83468,286395,144626,131921,123732,51,0,0,1294676,0,310,172227,38072,83468,286395,144626,131921,123732,51,0,0,1294676,0,1140,172227,38072,83468,286395,144626,131921,123732,51,0,0,1546473,0,242,1699778,70837,264586,309257,441320,203376,557108,51,0,0,1546473,0,73,1699778,70837,264586,309257,441320,203376,557108,51,0,0,1546473,0,49,1699778,70837,264586,309257,441320,203376,557108,51,0,0,1546473,0,44,1699778,70837,264586,309257,441320,203376,557108,51,0,0,1546473,0,43,1699778,70837,264586,309257,441320,203376,557108,51,0,0,1546473,0,-467,1699778,70837,264586,309257,441320,203376,557108,51,0
3,0,1294676,0,312,172227,38072,83468,286395,144626,131921,123732,51,0,0,1294676,0,310,172227,38072,83468,286395,144626,131921,123732,51,0,0,1294676,0,1140,172227,38072,83468,286395,144626,131921,123732,51,0,0,1546473,0,242,1699778,70837,264586,309257,441320,203376,557108,51,0,0,1546473,0,73,1699778,70837,264586,309257,441320,203376,557108,51,0,0,1546473,0,49,1699778,70837,264586,309257,441320,203376,557108,51,0,0,1546473,0,44,1699778,70837,264586,309257,441320,203376,557108,51,0,0,1546473,0,43,1699778,70837,264586,309257,441320,203376,557108,51,0,0,1546473,0,-467,1699778,70837,264586,309257,441320,203376,557108,51,0,0,1546473,0,-765,1699778,70837,264586,309257,441320,203376,557108,51,0
3,0,1294676,0,310,172227,38072,83468,286395,144626,131921,123732,51,0,0,1294676,0,1140,172227,38072,83468,286395,144626,131921,123732,51,0,0,1546473,0,242,1699778,70837,264586,309257,441320,203376,557108,51,0,0,1546473,0,73,1699778,70837,264586,309257,441320,203376,557108,51,0,0,1546473,0,49,1699778,70837,264586,309257,441320,203376,557108,51,0,0,1546473,0,44,1699778,70837,264586,309257,441320,203376,557108,51,0,0,1546473,0,43,1699778,70837,264586,309257,441320,203376,557108,51,0,0,1546473,0,-467,1699778,70837,264586,309257,441320,203376,557108,51,0,0,1546473,0,-765,1699778,70837,264586,309257,441320,203376,557108,51,0,0,1546473,0,1767,1699778,70837,264586,309257,441320,203376,557108,51,0
3,0,1294676,0,1140,172227,38072,83468,286395,144626,131921,123732,51,0,0,1546473,0,242,1699778,70837,264586,309257,441320,203376,557108,51,0,0,1546473,0,73,1699778,70837,264586,309257,441320,203376,557108,51,0,0,1546473,0,49,1699778,70837,264586,309257,441320,203376,557108,51,0,0,1546473,0,44,1699778,70837,264586,309257,441320,203376,557108,51,0,0,1546473,0,43,1699778,70837,264586,309257,441320,203376,557108,51,0,0,1546473,0,-467,1699778,70837,264586,309257,441320,203376,557108,51,0,0,1546473,0,-765,1699778,70837,264586,309257,441320,203376,557108,51,0,0,1546473,0,1767,1699778,70837,264586,309257,441320,203376,557108,51,0,0,1546473,0,-660,1699778,70837,264586,309257,441320,203376,557108,51,0
3,0,1546473,0,242,1699778,70837,264586,309257,441320,203376,557108,51,0,0,1546473,0,73,1699778,70837,264586,309257,441320,203376,557108,51,0,0,1546473,0,49,1699778,70837,264586,309257,441320,203376,557108,51,0,0,1546473,0,44,1699778,70837,264586,309257,441320,203376,557108,51,0,0,1546473,0,43,1699778,70837,264586,309257,441320,203376,557108,51,0,0,1546473,0,-467,1699778,70837,264586,309257,441320,203376,557108,51,0,0,1546473,0,-765,1699778,70837,264586,309257,441320,203376,557108,51,0,0,1546473,0,1767,1699778,70837,264586,309257,441320,203376,557108,51,0,0,1546473,0,-660,1699778,70837,264586,309257,441320,203376,557108,51,0,0,1546473,0,325,1699778,70837,264586,309257,441320,203376,557108,51,0
3,0,1546473,0,73,1699778,70837,264586,309257,441320,203376,557108,51,0,0,1546473,0,49,1699778,70837,264586,309257,441320,203376,557108,51,0,0,1546473,0,44,1699778,70837,264586,309257,441320,203376,557108,51,0,0,1546473,0,43,1699778,70837,264586,309257,441320,203376,557108,51,0,0,1546473,0,-467,1699778,70837,264586,309257,441320,203376,557108,51,0,0,1546473,0,-765,1699778,70837,264586,309257,441320,203376,557108,51,0,0,1546473,0,1767,1699778,70837,264586,309257,441320,203376,557108,51,0,0,1546473,0,-660,1699778,70837,264586,309257,441320,203376,557108,51,0,0,1546473,0,325,1699778,70837,264586,309257,441320,203376,557108,51,0,0,1448273,0,2047,160496,51966,33414,47304,20846,45052,102419,51,0
3,0,1546473,0,49,1699778,70837,264586,309257,441320,203376,557108,51,0,0,1546473,0,44,1699778,70837,264586,309257,441320,203376,557108,51,0,0,1546473,0,43,1699778,70837,264586,309257,441320,203376,557108,51,0,0,1546473,0,-467,1699778,70837,264586,309257,441320,203376,557108,51,0,0,1546473,0,-765,1699778,70837,264586,309257,441320,203376,557108,51,0,0,1546473,0,1767,1699778,70837,264586,309257,441320,203376,557108,51,0,0,1546473,0,-660,1699778,70837,264586,309257,441320,203376,557108,51,0,0,1546473,0,325,1699778,70837,264586,309257,441320,203376,557108,51,0,0,1448273,0,2047,160496,51966,33414,47304,20846,45052,102419,51,0,0,1448273,0,445,160496,51966,33414,47304,20846,45052,102419,51,0
3,0,1546473,0,44,1699778,70837,264586,309257,441320,203376,557108,51,0,0,1546473,0,43,1699778,70837,264586,309257,441320,203376,557108,51,0,0,1546473,0,-467,1699778,70837,264586,309257,441320,203376,557108,51,0,0,1546473,0,-765,1699778,70837,264586,309257,441320,203376,557108,51,0,0,1546473,0,1767,1699778,70837,264586,309257,441320,203376,557108,51,0,0,1546473,0,-660,1699778,70837,264586,309257,441320,203376,557108,51,0,0,1546473,0,325,1699778,70837,264586,309257,441320,203376,557108,51,0,0,1448273,0,2047,160496,51966,33414,47304,20846,45052,102419,51,0,0,1448273,0,445,160496,51966,33414,47304,20846,45052,102419,51,0,0,1448273,0,108,160496,51966,33414,47304,20846,45052,102419,51,0
3,0,1546473,0,43,1699778,70837,264586,309257,441320,203376,557108,51,0,0,1546473,0,-467,1699778,70837,264586,309257,441320,203376,557108,51,0,0,1546473,0,-765,1699778,70837,264586,309257,441320,203376,557108,51,0,0,1546473,0,1767,1699778,70837,264586,309257,441320,203376,557108,51,0,0,1546473,0,-660,1699778,70837,264586,309257,441320,203376,557108,51,0,0,1546473,0,325,1699778,70837,264586,309257,441320,203376,557108,51,0,0,1448273,0,2047,160496,51966,33414,47304,20846,45052,102419,51,0,0,1448273,0,445,160496,51966,33414,47304,20846,45052,102419,51,0,0,1448273,0,108,160496,51966,33414,47304,20846,45052,102419,51,0,0,1448273,0,54,160496,51966,33414,47304,20846,45052,102419,51,0
3,0,1546473,0,-467,1699778,70837,264586,309257,441320,203376,557108,51,0,0,1546473,0,-765,1699778,70837,264586,309257,441320,203376,557108,51,0,0,1546473,0,1767,1699778,70837,264586,309257,441320,203376,557108,51,0,0,1546473,0,-660,1699778,70837,264586,309257,441320,203376,557108,51,0,0,1546473,0,325,1699778,70837,264586,309257,441320,203376,557108,51,0,0,1448273,0,2047,160496,51966,33414,47304,20846,45052,102419,51,0,0,1448273,0,445,160496,51966,33414,47304,20846,45052,102419,51,0,0,1448273,0,108,160496,51966,33414,47304,20846,45052,102419,51,0,0,1448273,0,54,160496,51966,33414,47304,20846,45052,102419,51,0,0,1448273,0,45,160496,51966,33414,47304,20846,45052,102419,51,0
3,0,1546473,0,-765,1699778,70837,264586,309257,441320,203376,557108,51,0,0,1546473,0,1767,1699778,70837,264586,309257,441320,203376,557108,51,0,0,1546473,0,-660,1699778,70837,264586,309257,441320,203376,557108,51,0,0,1546473,0,325,1699778,70837,264586,309257,441320,203376,557108,51,0,0,1448273,0,2047,160496,51966,33414,47304,20846,45052,102419,51,0,0,1448273,0,445,160496,51966,33414,47304,20846,45052,102419,51,0,0,1448273,0,108,160496,51966,33414,47304,20846,45052,102419,51,0,0,1448273,0,54,160496,51966,33414,47304,20846,45052,102419,51,0,0,1448273,0,45,160496,51966,33414,47304,20846,45052,102419,51,0,0,1448273,0,44,160496,51966,33414,47304,20846,45052,102419,51,0
3,0,1546473,0,1767,1699778,70837,264586,309257,441320,203376,557108,51,0,0,1546473,0,-660,1699778,70837,264586,309257,441320,203376,557108,51,0,0,1546473,0,325,1699778,70837,264586,309257,441320,203376,557108,51,0,0,1448273,0,2047,160496,51966,33414,47304,20846,45052,102419,51,0,0,1448273,0,445,160496,51966,33414,47304,20846,45052,102419,51,0,0,1448273,0,108,160496,51966,33414,47304,20846,45052,102419,51,0,0,1448273,0,54,160496,51966,33414,47304,20846,45052,102419,51,0,0,1448273,0,45,160496,51966,33414,47304,20846,45052,102419,51,0,0,1448273,0,44,160496,51966,33414,47304,20846,45052,102419,51,0,0,1448273,0,284,160496,51966,33414,47304,20846,45052,102419,51,0
3,0,1546473,0,-660,1699778,70837,264586,309257,441320,203376,557108,51,0,0,1546473,0,325,1699778,70837,264586,309257,441320,203376,557108,51,0,0,1448273,0,2047,160496,51966,33414,47304,20846,45052,102419,51,0,0,1448273,0,445,160496,51966,33414,47304,20846,45052,102419,51,0,0,1448273,0,108,160496,51966,33414,47304,20846,45052,102419,51,0,0,1448273,0,54,160496,51966,33414,47304,20846,45052,102419,51,0,0,1448273,0,45,160496,51966,33414,47304,20846,45052,102419,51,0,0,1448273,0,44,160496,51966,33414,47304,20846,45052,102419,51,0,0,1448273,0,284,160496,51966,33414,47304,20846,45052,102419,51,0,0,1448273,0,1024,160496,51966,33414,47304,20846,45052,102419,51,0
3,0,1546473,0,325,1699778,70837,264586,309257,441320,203376,557108,51,0,0,1448273,0,2047,160496,51966,33414,47304,20846,45052,102419,51,0,0,1448273,0,445,160496,51966,33414,47304,20846,45052,102419,51,0,0,1448273,0,108,160496,51966,33414,47304,20846,45052,102419,51,0,0,1448273,0,54,160496,51966,33414,47304,20846,45052,102419,51,0,0,1448273,0,45,160496,51966,33414,47304,20846,45052,102419,51,0,0,1448273,0,44,160496,51966,33414,47304,20846,45052,102419,51,0,0,1448273,0,284,160496,51966,33414,47304,20846,45052,102419,51,0,0,1448273,0,1024,160496,51966,33414,47304,20846,45052,102419,51,0,0,1448273,0,196,160496,51966,33414,47304,20846,45052,102419,51,0
3,0,1448273,0,2047,160496,51966,33414,47304,20846,45052,102419,51,0,0,1448273,0,445,160496,51966,33414,47304,20846,45052,102419,51,0,0,1448273,0,108,160496,51966,33414,47304,20846,45052,102419,51,0,0,1448273,0,54,160496,51966,33414,47304,20846,45052,102419,51,0,0,1448273,0,45,160496,51966,33414,47304,20846,45052,102419,51,0,0,1448273,0,44,160496,51966,33414,47304,20846,45052,102419,51,0,0,1448273,0,284,160496,51966,33414,47304,20846,45052,102419,51,0,0,1448273,0,1024,160496,51966,33414,47304,20846,45052,102419,51,0,0,1448273,0,196,160496,51966,33414,47304,20846,45052,102419,51,0,0,1448273,0,69,160496,51966,33414,47304,20846,45052,102419,51,0
3,0,1448273,0,445,160496,51966,33414,47304,20846,45052,102419,51,0,0,1448273,0,108,160496,51966,33414,47304,20846,45052,102419,51,0,0,1448273,0,54,160496,51966,33414,47304,20846,45052,102419,51,0,0,1448273,0,45,160496,51966,33414,47304,20846,45052,102419,51,0,0,1448273,0,44,160496,51966,33414,47304,20846,45052,102419,51,0,0,1448273,0,284,160496,51966,33414,47304,20846,45052,102419,51,0,0,1448273,0,1024,160496,51966,33414,47304,20846,45052,102419,51,0,0,1448273,0,196,160496,51966,33414,47304,20846,45052,102419,51,0,0,1448273,0,69,160496,51966,33414,47304,20846,45052,102419,51,0,0,1417412,0,49,154722,33590,85578,245745,83002,57199,86238,51,0
3,0,1448273,0,108,160496,51966,33414,47304,20846,45052,102419,51,0,0,1448273,0,54,160496,51966,33414,47304,20846,45052,102419,51,0,0,1448273,0,45,160496,51966,33414,47304,20846,45052,102419,51,0,0,1448273,0,44,160496,51966,33414,47304,20846,45052,102419,51,0,0,1448273,0,284,160496,51966,33414,47304,20846,45052,102419,51,0,0,1448273,0,1024,160496,51966,33414,47304,20846,45052,102419,51,0,0,1448273,0,196,160496,51966,33414,47304,20846,45052,102419,51,0,0,1448273,0,69,160496,51966,33414,47304,20846,45052,102419,51,0,0,1417412,0,49,154722,33590,85578,245745,83002,57199,86238,51,0,0,1417412,0,2047,154722,33590,85578,245745,83002,57199,86238,51,0
3,0,1448273,0,54,160496,51966,33414,47304,20846,45052,102419,51,0,0,1448273,0,45,160496,51966,33414,47304,20846,45052,102419,51,0,0,1448273,0,44,160496,51966,33414,47304,20846,45052,102419,51,0,0,1448273,0,284,160496,51966,33414,47304,20846,45052,102419,51,0,0,1448273,0,1024,160496,51966,33414,47304,20846,45052,102419,51,0,0,1448273,0,196,160496,51966,33414,47304,20846,45052,102419,51,0,0,1448273,0,69,160496,51966,33414,47304,20846,45052,102419,51,0,0,1417412,0,49,154722,33590,85578,245745,83002,57199,86238,51,0,0,1417412,0,2047,154722,33590,85578,245745,83002,57199,86238,51,0,0,1417412,0,473,154722,33590,85578,245745,83002,57199,86238,51,0
3,0,1448273,0,45,160496,51966,33414,47304,20846,45052,102419,51,0,0,1448273,0,44,160496,51966,33414,47304,20846,45052,102419,51,0,0,1448273,0,284,160496,51966,33414,47304,20846,45052,102419,51,0,0,1448273,0,1024,160496,51966,33414,47304,20846,45052,102419,51,0,0,1448273,0,196,160496,51966,33414,47304,20846,45052,102419,51,0,0,1448273,0,69,160496,51966,33414,47304,20846,45052,102419,51,0,0,1417412,0,49,154722,33590,85578,245745,83002,57199,86238,51,0,0,1417412,0,2047,154722,33590,85578,245745,83002,57199,86238,51,0,0,1417412,0,473,154722,33590,85578,245745,83002,57199,86238,51,0,0,1417412,0,113,154722,33590,85578,245745,83002,57199,86238,51,0
3,0,1448273,0,44,160496,51966,33414,47304,20846,45052,102419,51,0,0,1448273,0,284,160496,51966,33414,47304,20846,45052,102419,51,0,0,1448273,0,1024,160496,51966,33414,47304,20846,45052,102419,51,0,0,1448273,0,196,160496,51966,33414,47304,20846,45052,102419,51,0,0,1448273,0,69,160496,51966,33414,47304,20846,45052,102419,51,0,0,1417412,0,49,154722,33590,85578,245745,83002,57199,86238,51,0,0,1417412,0,2047,154722,33590,85578,245745,83002,57199,86238,51,0,0,1417412,0,473,154722,33590,85578,245745,83002,57199,86238,51,0,0,1417412,0,113,154722,33590,85578,245745,83002,57199,86238,51,0,0,1417412,0,54,154722,33590,85578,245745,83002,57199,86238,51,0
3,0,1448273,0,284,160496,51966,33414,47304,20846,45052,102419,51,0,0,1448273,0,1024,160496,51966,33414,47304,20846,45052,102419,51,0,0,1448273,0,196,160496,51966,33414,47304,20846,45052,102419,51,0,0,1448273,0,69,160496,51966,33414,47304,20846,45052,102419,51,0,0,1417412,0,49,154722,33590,85578,245745,83002,57199,86238,51,0,0,1417412,0,2047,154722,33590,85578,245745,83002,57199,86238,51,0,0,1417412,0,473,154722,33590,85578,245745,83002,57199,86238,51,0,0,1417412,0,113,154722,33590,85578,245745,83002,57199,86238,51,0,0,1417412,0,54,154722,33590,85578,245745,83002,57199,86238,51,0,0,1417412,0,45,154722,33590,85578,245745,83002,57199,86238,51,0
3,0,1448273,0,1024,160496,51966,33414,47304,20846,45052,102419,51,0,0,1448273,0,196,160496,51966,33414,47304,20846,45052,102419,51,0,0,1448273,0,69,160496,51966,33414,47304,20846,45052,102419,51,0,0,1417412,0,49,154722,33590,85578,245745,83002,57199,86238,51,0,0,1417412,0,2047,154722,33590,85578,245745,83002,57199,86238,51,0,0,1417412,0,473,154722,33590,85578,245745,83002,57199,86238,51,0,0,1417412,0,113,154722,33590,85578,245745,83002,57199,86238,51,0,0,1417412,0,54,154722,33590,85578,245745,83002,57199,86238,51,0,0,1417412,0,45,154722,33590,85578,245745,83002,57199,86238,51,0,0,1417412,0,45,154722,33590,85578,245745,83002,57199,86238,51,0
3,0,1448273,0,196,160496,51966,33414,47304,20846,45052,102419,51,0,0,1448273,0,69,160496,51966,33414,47304,20846,45052,102419,51,0,0,1417412,0,49,154722,33590,85578,245745,83002,57199,86238,51,0,0,1417412,0,2047,154722,33590,85578,245745,83002,57199,86238,51,0,0,1417412,0,473,154722,33590,85578,245745,83002,57199,86238,51,0,0,1417412,0,113,154722,33590,85578,245745,83002,57199,86238,51,0,0,1417412,0,54,154722,33590,85578,245745,83002,57199,86238,51,0,0,1417412,0,45,154722,33590,85578,245745,83002,57199,86238,51,0,0,1417412,0,45,154722,33590,85578,245745,83002,57199,86238,51,0,0,1417412,0,49,154722,33590,85578,245745,83002,57199,86238,51,0
3,0,1448273,0,69,160496,51966,33414,47304,20846,45052,102419,51,0,0,1417412,0,49,154722,33590,85578,245745,83002,57199,86238,51,0,0,1417412,0,2047,154722,33590,85578,245745,83002,57199,86238,51,0,0,1417412,0,473,154722,33590,85578,245745,83002,57199,86238,51,0,0,1417412,0,113,154722,33590,85578,245745,83002,57199,86238,51,0,0,1417412,0,54,154722,33590,85578,245745,83002,57199,86238,51,0,0,1417412,0,45,154722,33590,85578,245745,83002,57199,86238,51,0,0,1417412,0,45,154722,33590,85578,245745,83002,57199,86238,51,0,0,1417412,0,49,154722,33590,85578,245745,83002,57199,86238,51,0,0,1417412,0,50,154722,33590,85578,245745,83002,57199,86238,51,0
3,0,1417412,0,49,154722,33590,85578,245745,83002,57199,86238,51,0,0,1417412,0,2047,154722,33590,85578,245745,83002,57199,86238,51,0,0,1417412,0,473,154722,33590,85578,245745,83002,57199,86238,51,0,0,1417412,0,113,154722,33590,85578,245745,83002,57199,86238,51,0,0,1417412,0,54,154722,33590,85578,245745,83002,57199,86238,51,0,0,1417412,0,45,154722,33590,85578,245745,83002,57199,86238,51,0,0,1417412,0,45,154722,33590,85578,245745,83002,57199,86238,51,0,0,1417412,0,49,154722,33590,85578,245745,83002,57199,86238,51,0,0,1417412,0,50,154722,33590,85578,245745,83002,57199,86238,51,0,0,1417412,0,44,154722,33590,85578,245745,83002,57199,86238,51,0
3,0,1417412,0,2047,154722,33590,85578,245745,83002,57199,86238,51,0,0,1417412,0,473,154722,33590,85578,245745,83002,57199,86238,51,0,0,1417412,0,113,154722,33590,85578,245745,83002,57199,86238,51,0,0,1417412,0,54,154722,33590,85578,245745,83002,57199,86238,51,0,0,1417412,0,45,154722,33590,85578,245745,83002,57199,86238,51,0,0,1417412,0,45,154722,33590,85578,245745,83002,57199,86238,51,0,0,1417412,0,49,154722,33590,85578,245745,83002,57199,86238,51,0,0,1417412,0,50,154722,33590,85578,245745,83002,57199,86238,51,0,0,1417412,0,44,154722,33590,85578,245745,83002,57199,86238,51,0,0,1051945,0,49,219686,48176,55125,63436,233745,259295,204746,51,0
3,0,1417412,0,473,154722,33590,85578,245745,83002,57199,86238,51,0,0,1417412,0,113,154722,33590,85578,245745,83002,57199,86238,51,0,0,1417412,0,54,154722,33590,85578,245745,83002,57199,86238,51,0,0,1417412,0,45,154722,33590,85578,245745,83002,57199,86238,51,0,0,1417412,0,45,154722,33590,85578,245745,83002,57199,86238,51,0,0,1417412,0,49,154722,33590,85578,245745,83002,57199,86238,51,0,0,1417412,0,50,154722,33590,85578,245745,83002,57199,86238,51,0,0,1417412,0,44,154722,33590,85578,245745,83002,57199,86238,51,0,0,1051945,0,49,219686,48176,55125,63436,233745,259295,204746,51,0,0,1051945,0,226,219686,48176,55125,63436,233745,259295,204746,51,0
3,0,1417412,0,113,154722,33590,85578,245745,83002,57199,86238,51,0,0,1417412,0,54,154722,33590,85578,245745,83002,57199,86238,51,0,0,1417412,0,45,154722,33590,85578,245745,83002,57199,86238,51,0,0,1417412,0,45,154722,33590,85578,245745,83002,57199,86238,51,0,0,1417412,0,49,154722,33590,85578,245745,83002,57199,86238,51,0,0,1417412,0,50,154722,33590,85578,245745,83002,57199,86238,51,0,0,1417412,0,44,154722,33590,85578,245745,83002,57199,86238,51,0,0,1051945,0,49,219686,48176,55125,63436,233745,259295,204746,51,0,0,1051945,0,226,219686,48176,55125,63436,233745,259295,204746,51,0,0,1051945,0,-2048,219686,48176,55125,63436,233745,259295,204746,51,0
3,0,1417412,0,54,154722,33590,85578,245745,83002,57199,86238,51,0,0,1417412,0,45,154722,33590,85578,245745,83002,57199,86238,51,0,0,1417412,0,45,154722,33590,85578,245745,83002,57199,86238,51,0,0,1417412,0,49,154722,33590,85578,245745,83002,57199,86238,51,0,0,1417412,0,50,154722,33590,85578,245745,83002,57199,86238,51,0,0,1417412,0,44,154722,33590,85578,245745,83002,57199,86238,51,0,0,1051945,0,49,219686,48176,55125,63436,233745,259295,204746,51,0,0,1051945,0,226,219686,48176,55125,63436,233745,259295,204746,51,0,0,1051945,0,-2048,219686,48176,55125,63436,233745,259295,204746,51,0,0,1051945,0,961,219686,48176,55125,63436,233745,259295,204746,51,0
3,0,1417412,0,45,154722,33590,85578,245745,83002,57199,86238,51,0,0,1417412,0,45,154722,33590,85578,245745,83002,57199,86238,51,0,0,1417412,0,49,154722,33590,85578,245745,83002,57199,86238,51,0,0,1417412,0,50,154722,33590,85578,245745,83002,57199,86238,51,0,0,1417412,0,44,154722,33590,85578,245745,83002,57199,86238,51,0,0,1051945,0,49,219686,48176,55125,63436,233745,259295,204746,51,0,0,1051945,0,226,219686,48176,55125,63436,233745,259295,204746,51,0,0,1051945,0,-2048,219686,48176,55125,63436,233745,259295,204746,51,0,0,1051945,0,961,219686,48176,55125,63436,233745,259295,204746,51,0,0,1051945,0,186,219686,48176,55125,63436,233745,259295,204746,51,0
3,0,1417412,0,45,154722,33590,85578,245745,83002,57199,86238,51,0,0,1417412,0,49,154722,33590,85578,245745,83002,57199,86238,51,0,0,1417412,0,50,154722,33590,85578,245745,83002,57199,86238,51,0,0,1417412,0,44,154722,33590,85578,245745,83002,57199,86238,51,0,0,1051945,0,49,219686,48176,55125,63436,233745,259295,204746,51,0,0,1051945,0,226,219686,48176,55125,63436,233745,259295,204746,51,0,0,1051945,0,-2048,219686,48176,55125,63436,233745,259295,204746,51,0,0,1051945,0,961,219686,48176,55125,63436,233745,259295,204746,51,0,0,1051945,0,186,219686,48176,55125,63436,233745,259295,204746,51,0,0,1051945,0,59,219686,48176,55125,63436,233745,259295,204746,51,0
3,0,1417412,0,49,154722,33590,85578,245745,83002,57199,86238,51,0,0,1417412,0,50,154722,33590,85578,245745,83002,57199,86238,51,0,0,1417412,0,44,154722,33590,85578,245745,83002,57199,86238,51,0,0,1051945,0,49,219686,48176,55125,63436,233745,259295,204746,51,0,0,1051945,0,226,219686,48176,55125,63436,233745,259295,204746,51,0,0,1051945,0,-2048,219686,48176,55125,63436,233745,259295,204746,51,0,0,1051945,0,961,219686,48176,55125,63436,233745,259295,204746,51,0,0,1051945,0,186,219686,48176,55125,63436,233745,259295,204746,51,0,0,1051945,0,59,219686,48176,55125,63436,233745,259295,204746,51,0,0,1051945,0,48,219686,48176,55125,63436,233745,259295,204746,51,0
3,0,1417412,0,50,154722,33590,85578,245745,83002,57199,86238,51,0,0,1417412,0,44,154722,33590,85578,245745,83002,57199,86238,51,0,0,1051945,0,49,219686,48176,55125,63436,233745,259295,204746,51,0,0,1051945,0,226,219686,48176,55125,63436,233745,259295,204746,51,0,0,1051945,0,-2048,219686,48176,55125,63436,233745,259295,204746,51,0,0,1051945,0,961,219686,48176,55125,63436,233745,259295,204746,51,0,0,1051945,0,186,219686,48176,55125,63436,233745,259295,204746,51,0,0,1051945,0,59,219686,48176,55125,63436,233745,259295,204746,51,0,0,1051945,0,48,219686,48176,55125,63436,233745,259295,204746,51,0,0,1051945,0,44,219686,48176,55125,63436,233745,259295,204746,51,0
3,0,1417412,0,44,154722,33590,85578,245745,83002,57199,86238,51,0,0,1051945,0,49,219686,48176,55125,63436,233745,259295,204746,51,0,0,1051945,0,226,219686,48176,55125,63436,233745,259295,204746,51,0,0,1051945,0,-2048,219686,48176,55125,63436,233745,259295,204746,51,0,0,1051945,0,961,219686,48176,55125,63436,233745,259295,204746,51,0,0,1051945,0,186,219686,48176,55125,63436,233745,259295,204746,51,0,0,1051945,0,59,219686,48176,55125,63436,233745,259295,204746,51,0,0,1051945,0,48,219686,48176,55125,63436,233745,259295,204746,51,0,0,1051945,0,44,219686,48176,55125,63436,233745,259295,204746,51,0,0,1051945,0,43,219686,48176,55125,63436,233745,259295,204746,51,0
3,0,1051945,0,49,219686,48176,55125,63436,233745,259295,204746,51,0,0,1051945,0,226,219686,48176,55125,63436,233745,259295,204746,51,0,0,1051945,0,-2048,219686,48176,55125,63436,233745,259295,204746,51,0,0,1051945,0,961,219686,48176,55125,63436,233745,259295,204746,51,0,0,1051945,0,186,219686,48176,55125,63436,233745,259295,204746,51,0,0,1051945,0,59,219686,48176,55125,63436,233745,259295,204746,51,0,0,1051945,0,48,219686,48176,55125,63436,233745,259295,204746,51,0,0,1051945,0,44,219686,48176,55125,63436,233745,259295,204746,51,0,0,1051945,0,43,219686,48176,55125,63436,233745,259295,204746,51,0,0,456582,0,2,332935,149156,65646,34044,172081,299973,176077,51,0
3,0,1051945,0,226,219686,48176,55125,63436,233745,259295,204746,51,0,0,1051945,0,-2048,219686,48176,55125,63436,233745,259295,204746,51,0,0,1051945,0,961,219686,48176,55125,63436,233745,259295,204746,51,0,0,1051945,0,186,219686,48176,55125,63436,233745,259295,204746,51,0,0,1051945,0,59,219686,48176,55125,63436,233745,259295,204746,51,0,0,1051945,0,48,219686,48176,55125,63436,233745,259295,204746,51,0,0,1051945,0,44,219686,48176,55125,63436,233745,259295,204746,51,0,0,1051945,0,43,219686,48176,55125,63436,233745,259295,204746,51,0,0,456582,0,2,332935,149156,65646,34044,172081,299973,176077,51,0,0,456582,0,-1029,332935,149156,65646,34044,172081,299973,176077,51,0
3,0,1051945,0,-2048,219686,48176,55125,63436,233745,259295,204746,51,0,0,1051945,0,961,219686,48176,55125,63436,233745,259295,204746,51,0,0,1051945,0,186,219686,48176,55125,63436,233745,259295,204746,51,0,0,1051945,0,59,219686,48176,55125,63436,233745,259295,204746,51,0,0,1051945,0,48,219686,48176,55125,63436,233745,259295,204746,51,0,0,1051945,0,44,219686,48176,55125,63436,233745,259295,204746,51,0,0,1051945,0,43,219686,48176,55125,63436,233745,259295,204746,51,0,0,456582,0,2,332935,149156,65646,34044,172081,299973,176077,51,0,0,456582,0,-1029,332935,149156,65646,34044,172081,299973,176077,51,0,0,456582,0,1285,332935,149156,65646,34044,172081,299973,176077,51,0
3,0,1051945,0,961,219686,48176,55125,63436,233745,259295,204746,51,0,0,1051945,0,186,219686,48176,55125,63436,233745,259295,204746,51,0,0,1051945,0,59,219686,48176,55125,63436,233745,259295,204746,51,0,0,1051945,0,48,219686,48176,55125,63436,233745,259295,204746,51,0,0,1051945,0,44,219686,48176,55125,63436,233745,259295,204746,51,0,0,1051945,0,43,219686,48176,55125,63436,233745,259295,204746,51,0,0,456582,0,2,332935,149156,65646,34044,172081,299973,176077,51,0,0,456582,0,-1029,332935,149156,65646,34044,172081,299973,176077,51,0,0,456582,0,1285,332935,149156,65646,34044,172081,299973,176077,51,0,0,456582,0,241,332935,149156,65646,34044,172081,299973,176077,51,0
3,0,1051945,0,186,219686,48176,55125,63436,233745,259295,204746,51,0,0,1051945,0,59,219686,48176,55125,63436,233745,259295,204746,51,0,0,1051945,0,48,219686,48176,55125,63436,233745,259295,204746,51,0,0,1051945,0,44,219686,48176,55125,63436,233745,259295,204746,51,0,0,1051945,0,43,219686,48176,55125,63436,233745,259295,204746,51,0,0,456582,0,2,332935,149156,65646,34044,172081,299973,176077,51,0,0,456582,0,-1029,332935,149156,65646,34044,172081,299973,176077,51,0,0,456582,0,1285,332935,149156,65646,34044,172081,299973,176077,51,0,0,456582,0,241,332935,149156,65646,34044,172081,299973,176077,51,0,0,456582,0,107,332935,149156,65646,34044,172081,299973,176077,51,0
3,0,1051945,0,59,219686,48176,55125,63436,233745,259295,204746,51,0,0,1051945,0,48,219686,48176,55125,63436,233745,259295,204746,51,0,0,1051945,0,44,219686,48176,55125,63436,233745,259295,204746,51,0,0,1051945,0,43,219686,48176,55125,63436,233745,259295,204746,51,0,0,456582,0,2,332935,149156,65646,34044,172081,299973,176077,51,0,0,456582,0,-1029,332935,149156,65646,34044,172081,299973,176077,51,0,0,456582,0,1285,332935,149156,65646,34044,172081,299973,176077,51,0,0,456582,0,241,332935,149156,65646,34044,172081,299973,176077,51,0,0,456582,0,107,332935,149156,65646,34044,172081,299973,176077,51,0,0,456582,0,1905,332935,149156,65646,34044,172081,299973,176077,51,0
3,0,1051945,0,48,219686,48176,55125,63436,233745,259295,204746,51,0,0,1051945,0,44,219686,48176,55125,63436,233745,259295,204746,51,0,0,1051945,0,43,219686,48176,55125,63436,233745,259295,204746,51,0,0,456582,0,2,332935,149156,65646,34044,172081,299973,176077,51,0,0,456582,0,-1029,332935,149156,65646,34044,172081,299973,176077,51,0,0,456582,0,1285,332935,149156,65646,34044,172081,299973,176077,51,0,0,456582,0,241,332935,149156,65646,34044,172081,299973,176077,51,0,0,456582,0,107,332935,149156,65646,34044,172081,299973,176077,51,0,0,456582,0,1905,332935,149156,65646,34044,172081,299973,176077,51,0,0,456582,0,332,332935,149156,65646,34044,172081,299973,176077,51,0
3,0,1051945,0,44,219686,48176,55125,63436,233745,259295,204746,51,0,0,1051945,0,43,219686,48176,55125,63436,233745,259295,204746,51,0,0,456582,0,2,332935,149156,65646,34044,172081,299973,176077,51,0,0,456582,0,-1029,332935,149156,65646,34044,172081,299973,176077,51,0,0,456582,0,1285,332935,149156,65646,34044,172081,299973,176077,51,0,0,456582,0,241,332935,149156,65646,34044,172081,299973,176077,51,0,0,456582,0,107,332935,149156,65646,34044,172081,299973,176077,51,0,0,456582,0,1905,332935,149156,65646,34044,172081,299973,176077,51,0,0,456582,0,332,332935,149156,65646,34044,172081,299973,176077,51,0,0,456582,0,74,332935,149156,65646,34044,172081,299973,176077,51,0
3,0,1051945,0,43,219686,48176,55125,63436,233745,259295,204746,51,0,0,456582,0,2,332935,149156,65646,34044,172081,299973,176077,51,0,0,456582,0,-1029,332935,149156,65646,34044,172081,299973,176077,51,0,0,456582,0,1285,332935,149156,65646,34044,172081,299973,176077,51,0,0,456582,0,241,332935,149156,65646,34044,172081,299973,176077,51,0,0,456582,0,107,332935,149156,65646,34044,172081,299973,176077,51,0,0,456582,0,1905,332935,149156,65646,34044,172081,299973,176077,51,0,0,456582,0,332,332935,149156,65646,34044,172081,299973,176077,51,0,0,456582,0,74,332935,149156,65646,34044,172081,299973,176077,51,0,0,456582,0,50,332935,149156,65646,34044,172081,299973,176077,51,0
3,0,456582,0,2,332935,149156,65646,34044,172081,299973,176077,51,0,0,456582,0,-1029,332935,149156,65646,34044,172081,299973,176077,51,0,0,456582,0,1285,332935,149156,65646,34044,172081,299973,176077,51,0,0,456582,0,241,332935,149156,65646,34044,172081,299973,176077,51,0,0,456582,0,107,332935,149156,65646,34044,172081,299973,176077,51,0,0,456582,0,1905,332935,149156,65646,34044,172081,299973,176077,51,0,0,456582,0,332,332935,149156,65646,34044,172081,299973,176077,51,0,0,456582,0,74,332935,149156,65646,34044,172081,299973,176077,51,0,0,456582,0,50,332935,149156,65646,34044,172081,299973,176077,51,0,0,456582,0,44,332935,149156,65646,34044,172081,299973,176077,51,0
3,0,456582,0,-1029,332935,149156,65646,34044,172081,299973,176077,51,0,0,456582,0,1285,332935,149156,65646,34044,172081,299973,176077,51,0,0,456582,0,241,332935,149156,65646,34044,172081,299973,176077,51,0,0,456582,0,107,332935,149156,65646,34044,172081,299973,176077,51,0,0,456582,0,1905,332935,149156,65646,34044,172081,299973,176077,51,0,0,456582,0,332,332935,149156,65646,34044,172081,299973,176077,51,0,0,456582,0,74,332935,149156,65646,34044,172081,299973,176077,51,0,0,456582,0,50,332935,149156,65646,34044,172081,299973,176077,51,0,0,456582,0,44,332935,149156,65646,34044,172081,299973,176077,51,0,0,1375263,0,48,200045,13294,2919,6471,31965,8101,16939,51,0
3,0,456582,0,1285,332935,149156,65646,34044,172081,299973,176077,51,0,0,456582,0,241,332935,149156,65646,34044,172081,299973,176077,51,0,0,456582,0,107,332935,149156,65646,34044,172081,299973,176077,51,0,0,456582,0,1905,332935,149156,65646,34044,172081,299973,176077,51,0,0,456582,0,332,332935,149156,65646,34044,172081,299973,176077,51,0,0,456582,0,74,332935,149156,65646,34044,172081,299973,176077,51,0,0,456582,0,50,332935,149156,65646,34044,172081,299973,176077,51,0,0,456582,0,44,332935,149156,65646,34044,172081,299973,176077,51,0,0,1375263,0,48,200045,13294,2919,6471,31965,8101,16939,51,0,0,1375263,0,-2048,200045,13294,2919,6471,31965,8101,16939,51,0
3,0,456582,0,241,332935,149156,65646,34044,172081,299973,176077,51,0,0,456582,0,107,332935,149156,65646,34044,172081,299973,176077,51,0,0,456582,0,1905,332935,149156,65646,34044,172081,299973,176077,51,0,0,456582,0,332,332935,149156,65646,34044,172081,299973,176077,51,0,0,456582,0,74,332935,149156,65646,34044,172081,299973,176077,51,0,0,456582,0,50,332935,149156,65646,34044,172081,299973,176077,51,0,0,456582,0,44,332935,149156,65646,34044,172081,299973,176077,51,0,0,1375263,0,48,200045,13294,2919,6471,31965,8101,16939,51,0,0,1375263,0,-2048,200045,13294,2919,6471,31965,8101,16939,51,0,0,1375263,0,2047,200045,13294,2919,6471,31965,8101,16939,51,0
3,0,456582,0,107,332935,149156,65646,34044,172081,299973,176077,51,0,0,456582,0,1905,332935,149156,65646,34044,172081,299973,176077,51,0,0,456582,0,332,332935,149156,65646,34044,172081,299973,176077,51,0,0,456582,0,74,332935,149156,65646,34044,172081,299973,176077,51,0,0,456582,0,50,332935,149156,65646,34044,172081,299973,176077,51,0,0,456582,0,44,332935,149156,65646,34044,172081,299973,176077,51,0,0,1375263,0,48,200045,13294,2919,6471,31965,8101,16939,51,0,0,1375263,0,-2048,200045,13294,2919,6471,31965,8101,16939,51,0,0,1375263,0,2047,200045,13294,2919,6471,31965,8101,16939,51,0,0,1375263,0,898,200045,13294,2919,6471,31965,8101,16939,51,0
3,0,456582,0,1905,332935,149156,65646,34044,172081,299973,176077,51,0,0,456582,0,332,332935,149156,65646,34044,172081,299973,176077,51,0,0,456582,0,74,332935,149156,65646,34044,172081,299973,176077,51,0,0,456582,0,50,332935,149156,65646,34044,172081,299973,176077,51,0,0,456582,0,44,332935,149156,65646,34044,172081,299973,176077,51,0,0,1375263,0,48,200045,13294,2919,6471,31965,8101,16939,51,0,0,1375263,0,-2048,200045,13294,2919,6471,31965,8101,16939,51,0,0,1375263,0,2047,200045,13294,2919,6471,31965,8101,16939,51,0,0,1375263,0,898,200045,13294,2919,6471,31965,8101,16939,51,0,0,1375263,0,179,200045,13294,2919,6471,31965,8101,16939,51,0
3,0,456582,0,332,332935,149156,65646,34044,172081,299973,176077,51,0,0,456582,0,74,332935,149156,65646,34044,172081,299973,176077,51,0,0,456582,0,50,332935,149156,65646,34044,172081,299973,176077,51,0,0,456582,0,44,332935,149156,65646,34044,172081,299973,176077,51,0,0,1375263,0,48,200045,13294,2919,6471,31965,8101,16939,51,0,0,1375263,0,-2048,200045,13294,2919,6471,31965,8101,16939,51,0,0,1375263,0,2047,200045,13294,2919,6471,31965,8101,16939,51,0,0,1375263,0,898,200045,13294,2919,6471,31965,8101,16939,51,0,0,1375263,0,179,200045,13294,2919,6471,31965,8101,16939,51,0,0,1375263,0,67,200045,13294,2919,6471,31965,8101,16939,51,0
3,0,456582,0,74,332935,149156,65646,34044,172081,299973,176077,51,0,0,456582,0,50,332935,149156,65646,34044,172081,299973,176077,51,0,0,456582,0,44,332935,149156,65646,34044,172081,299973,176077,51,0,0,1375263,0,48,200045,13294,2919,6471,31965,8101,16939,51,0,0,1375263,0,-2048,200045,13294,2919,6471,31965,8101,16939,51,0,0,1375263,0,2047,200045,13294,2919,6471,31965,8101,16939,51,0,0,1375263,0,898,200045,13294,2919,6471,31965,8101,16939,51,0,0,1375263,0,179,200045,13294,2919,6471,31965,8101,16939,51,0,0,1375263,0,67,200045,13294,2919,6471,31965,8101,16939,51,0,0,1375263,0,2047,200045,13294,2919,6471,31965,8101,16939,51,0
3,0,456582,0,50,332935,149156,65646,34044,172081,299973,176077,51,0,0,456582,0,44,332935,149156,65646,34044,172081,299973,176077,51,0,0,1375263,0,48,200045,13294,2919,6471,31965,8101,16939,51,0,0,1375263,0,-2048,200045,13294,2919,6471,31965,8101,16939,51,0,0,1375263,0,2047,200045,13294,2919,6471,31965,8101,16939,51,0,0,1375263,0,898,200045,13294,2919,6471,31965,8101,16939,51,0,0,1375263,0,179,200045,13294,2919,6471,31965,8101,16939,51,0,0,1375263,0,67,200045,13294,2919,6471,31965,8101,16939,51,0,0,1375263,0,2047,200045,13294,2919,6471,31965,8101,16939,51,0,0,1375263,0,579,200045,13294,2919,6471,31965,8101,16939,51,0
3,0,456582,0,44,332935,149156,65646,34044,172081,299973,176077,51,0,0,1375263,0,48,200045,13294,2919,6471,31965,8101,16939,51,0,0,1375263,0,-2048,200045,13294,2919,6471,31965,8101,16939,51,0,0,1375263,0,2047,200045,13294,2919,6471,31965,8101,16939,51,0,0,1375263,0,898,200045,13294,2919,6471,31965,8101,16939,51,0,0,1375263,0,179,200045,13294,2919,6471,31965,8101,16939,51,0,0,1375263,0,67,200045,13294,2919,6471,31965,8101,16939,51,0,0,1375263,0,2047,200045,13294,2919,6471,31965,8101,16939,51,0,0,1375263,0,579,200045,13294,2919,6471,31965,8101,16939,51,0,0,1375263,0,134,200045,13294,2919,6471,31965,8101,16939,51,0
3,0,1375263,0,48,200045,13294,2919,6471,31965,8101,16939,51,0,0,1375263,0,-2048,200045,13294,2919,6471,31965,8101,16939,51,0,0,1375263,0,2047,200045,13294,2919,6471,31965,8101,16939,51,0,0,1375263,0,898,200045,13294,2919,6471,31965,8101,16939,51,0,0,1375263,0,179,200045,13294,2919,6471,31965,8101,16939,51,0,0,1375263,0,67,200045,13294,2919,6471,31965,8101,16939,51,0,0,1375263,0,2047,200045,13294,2919,6471,31965,8101,16939,51,0,0,1375263,0,579,200045,13294,2919,6471,31965,8101,16939,51,0,0,1375263,0,134,200045,13294,2919,6471,31965,8101,16939,51,0,0,1375263,0,57,200045,13294,2919,6471,31965,8101,16939,51,0
3,0,1375263,0,-2048,200045,13294,2919,6471,31965,8101,16939,51,0,0,1375263,0,2047,200045,13294,2919,6471,31965,8101,16939,51,0,0,1375263,0,898,200045,13294,2919,6471,31965,8101,16939,51,0,0,1375263,0,179,200045,13294,2919,6471,31965,8101,16939,51,0,0,1375263,0,67,200045,13294,2919,6471,31965,8101,16939,51,0,0,1375263,0,2047,200045,13294,2919,6471,31965,8101,16939,51,0,0,1375263,0,579,200045,13294,2919,6471,31965,8101,16939,51,0,0,1375263,0,134,200045,13294,2919,6471,31965,8101,16939,51,0,0,1375263,0,57,200045,13294,2919,6471,31965,8101,16939,51,0,0,418079,0,49,46054,19807,17784,13488,26542,6425,6054,51,0
3,0,1375263,0,2047,200045,13294,2919,6471,31965,8101,16939,51,0,0,1375263,0,898,200045,13294,2919,6471,31965,8101,16939,51,0,0,1375263,0,179,200045,13294,2919,6471,31965,8101,16939,51,0,0,1375263,0,67,200045,13294,2919,6471,31965,8101,16939,51,0,0,1375263,0,2047,200045,13294,2919,6471,31965,8101,16939,51,0,0,1375263,0,579,200045,13294,2919,6471,31965,8101,16939,51,0,0,1375263,0,134,200045,13294,2919,6471,31965,8101,16939,51,0,0,1375263,0,57,200045,13294,2919,6471,31965,8101,16939,51,0,0,418079,0,49,46054,19807,17784,13488,26542,6425,6054,51,0,0,418079,0,184,46054,19807,17784,13488,26542,6425,6054,51,0
3,0,1375263,0,898,200045,13294,2919,6471,31965,8101,16939,51,0,0,1375263,0,179,200045,13294,2919,6471,31965,8101,16939,51,0,0,1375263,0,67,200045,13294,2919,6471,31965,8101,16939,51,0,0,1375263,0,2047,200045,13294,2919,6471,31965,8101,16939,51,0,0,1375263,0,579,200045,13294,2919,6471,31965,8101,16939,51,0,0,1375263,0,134,200045,13294,2919,6471,31965,8101,16939,51,0,0,1375263,0,57,200045,13294,2919,6471,31965,8101,16939,51,0,0,418079,0,49,46054,19807,17784,13488,26542,6425,6054,51,0,0,418079,0,184,46054,19807,17784,13488,26542,6425,6054,51,0,0,418079,0,70,46054,19807,17784,13488,26542,6425,6054,51,0
3,0,1375263,0,179,200045,13294,2919,6471,31965,8101,16939,51,0,0,1375263,0,67,200045,13294,2919,6471,31965,8101,16939,51,0,0,1375263,0,2047,200045,13294,2919,6471,31965,8101,16939,51,0,0,1375263,0,579,200045,13294,2919,6471,31965,8101,16939,51,0,0,1375263,0,134,200045,13294,2919,6471,31965,8101,16939,51,0,0,1375263,0,57,200045,13294,2919,6471,31965,8101,16939,51,0,0,418079,0,49,46054,19807,17784,13488,26542,6425,6054,51,0,0,418079,0,184,46054,19807,17784,13488,26542,6425,6054,51,0,0,418079,0,70,46054,19807,17784,13488,26542,6425,6054,51,0,0,418079,0,2047,46054,19807,17784,13488,26542,6425,6054,51,0
3,0,1375263,0,67,200045,13294,2919,6471,31965,8101,16939,51,0,0,1375263,0,2047,200045,13294,2919,6471,31965,8101,16939,51,0,0,1375263,0,579,200045,13294,2919,6471,31965,8101,16939,51,0,0,1375263,0,134,200045,13294,2919,6471,31965,8101,16939,51,0,0,1375263,0,57,200045,13294,2919,6471,31965,8101,16939,51,0,0,418079,0,49,46054,19807,17784,13488,26542,6425,6054,51,0,0,418079,0,184,46054,19807,17784,13488,26542,6425,6054,51,0,0,418079,0,70,46054,19807,17784,13488,26542,6425,6054,51,0,0,418079,0,2047,46054,19807,17784,13488,26542,6425,6054,51,0,0,418079,0,476,46054,19807,17784,13488,26542,6425,6054,51,0
3,0,1375263,0,2047,200045,13294,2919,6471,31965,8101,16939,51,0,0,1375263,0,579,200045,13294,2919,6471,31965,8101,16939,51,0,0,1375263,0,134,200045,13294,2919,6471,31965,8101,16939,51,0,0,1375263,0,57,200045,13294,2919,6471,31965,8101,16939,51,0,0,418079,0,49,46054,19807,17784,13488,26542,6425,6054,51,0,0,418079,0,184,46054,19807,17784,13488,26542,6425,6054,51,0,0,418079,0,70,46054,19807,17784,13488,26542,6425,6054,51,0,0,418079,0,2047,46054,19807,17784,13488,26542,6425,6054,51,0,0,418079,0,476,46054,19807,17784,13488,26542,6425,6054,51,0,0,418079,0,113,46054,19807,17784,13488,26542,6425,6054,51,0
3,0,1375263,0,579,200045,13294,2919,6471,31965,8101,16939,51,0,0,1375263,0,134,200045,13294,2919,6471,31965,8101,16939,51,0,0,1375263,0,57,200045,13294,2919,6471,31965,8101,16939,51,0,0,418079,0,49,46054,19807,17784,13488,26542,6425,6054,51,0,0,418079,0,184,46054,19807,17784,13488,26542,6425,6054,51,0,0,418079,0,70,46054,19807,17784,13488,26542,6425,6054,51,0,0,418079,0,2047,46054,19807,17784,13488,26542,6425,6054,51,0,0,418079,0,476,46054,19807,17784,13488,26542,6425,6054,51,0,0,418079,0,113,46054,19807,17784,13488,26542,6425,6054,51,0,0,418079,0,43,46054,19807,17784,13488,26542,6425,6054,51,0
3,0,1375263,0,134,200045,13294,2919,6471,31965,8101,16939,51,0,0,1375263,0,57,200045,13294,2919,6471,31965,8101,16939,51,0,0,418079,0,49,46054,19807,17784,13488,26542,6425,6054,51,0,0,418079,0,184,46054,19807,17784,13488,26542,6425,6054,51,0,0,418079,0,70,46054,19807,17784,13488,26542,6425,6054,51,0,0,418079,0,2047,46054,19807,17784,13488,26542,6425,6054,51,0,0,418079,0,476,46054,19807,17784,13488,26542,6425,6054,51,0,0,418079,0,113,46054,19807,17784,13488,26542,6425,6054,51,0,0,418079,0,43,46054,19807,17784,13488,26542,6425,6054,51,0,0,418079,0,51,46054,19807,17784,13488,26542,6425,6054,51,0
3,0,1375263,0,57,200045,13294,2919,6471,31965,8101,16939,51,0,0,418079,0,49,46054,19807,17784,13488,26542,6425,6054,51,0,0,418079,0,184,46054,19807,17784,13488,26542,6425,6054,51,0,0,418079,0,70,46054,19807,17784,13488,26542,6425,6054,51,0,0,418079,0,2047,46054,19807,17784,13488,26542,6425,6054,51,0,0,418079,0,476,46054,19807,17784,13488,26542,6425,6054,51,0,0,418079,0,113,46054,19807,17784,13488,26542,6425,6054,51,0,0,418079,0,43,46054,19807,17784,13488,26542,6425,6054,51,0,0,418079,0,51,46054,19807,17784,13488,26542,6425,6054,51,0,0,418079,0,1525,46054,19807,17784,13488,26542,6425,6054,51,0
3,0,418079,0,49,46054,19807,17784,13488,26542,6425,6054,51,0,0,418079,0,184,46054,19807,17784,13488,26542,6425,6054,51,0,0,418079,0,70,46054,19807,17784,13488,26542,6425,6054,51,0,0,418079,0,2047,46054,19807,17784,13488,26542,6425,6054,51,0,0,418079,0,476,46054,19807,17784,13488,26542,6425,6054,51,0,0,418079,0,113,46054,19807,17784,13488,26542,6425,6054,51,0,0,418079,0,43,46054,19807,17784,13488,26542,6425,6054,51,0,0,418079,0,51,46054,19807,17784,13488,26542,6425,6054,51,0,0,418079,0,1525,46054,19807,17784,13488,26542,6425,6054,51,0,0,418079,0,275,46054,19807,17784,13488,26542,6425,6054,51,0
3,0,418079,0,184,46054,19807,17784,13488,26542,6425,6054,51,0,0,418079,0,70,46054,19807,17784,13488,26542,6425,6054,51,0,0,418079,0,2047,46054,19807,17784,13488,26542,6425,6054,51,0,0,418079,0,476,46054,19807,17784,13488,26542,6425,6054,51,0,0,418079,0,113,46054,19807,17784,13488,26542,6425,6054,51,0,0,418079,0,43,46054,19807,17784,13488,26542,6425,6054,51,0,0,418079,0,51,46054,19807,17784,13488,26542,6425,6054,51,0,0,418079,0,1525,46054,19807,17784,13488,26542,6425,6054,51,0,0,418079,0,275,46054,19807,17784,13488,26542,6425,6054,51,0,0,810778,0,73,104902,15314,13955,60888,73260,11813,22214,51,0
3,0,418079,0,70,46054,19807,17784,13488,26542,6425,6054,51,0,0,418079,0,2047,46054,19807,17784,13488,26542,6425,6054,51,0,0,418079,0,476,46054,19807,17784,13488,26542,6425,6054,51,0,0,418079,0,113,46054,19807,17784,13488,26542,6425,6054,51,0,0,418079,0,43,46054,19807,17784,13488,26542,6425,6054,51,0,0,418079,0,51,46054,19807,17784,13488,26542,6425,6054,51,0,0,418079,0,1525,46054,19807,17784,13488,26542,6425,6054,51,0,0,418079,0,275,46054,19807,17784,13488,26542,6425,6054,51,0,0,810778,0,73,104902,15314,13955,60888,73260,11813,22214,51,0,0,810778,0,51,104902,15314,13955,60888,73260,11813,22214,51,0
3,0,418079,0,2047,46054,19807,17784,13488,26542,6425,6054,51,0,0,418079,0,476,46054,19807,17784,13488,26542,6425,6054,51,0,0,418079,0,113,46054,19807,17784,13488,26542,6425,6054,51,0,0,418079,0,43,46054,19807,17784,13488,26542,6425,6054,51,0,0,418079,0,51,46054,19807,17784,13488,26542,6425,6054,51,0,0,418079,0,1525,46054,19807,17784,13488,26542,6425,6054,51,0,0,418079,0,275,46054,19807,17784,13488,26542,6425,6054,51,0,0,810778,0,73,104902,15314,13955,60888,73260,11813,22214,51,0,0,810778,0,51,104902,15314,13955,60888,73260,11813,22214,51,0,0,810778,0,44,104902,15314,13955,60888,73260,11813,22214,51,0
3,0,418079,0,476,46054,19807,17784,13488,26542,6425,6054,51,0,0,418079,0,113,46054,19807,17784,13488,26542,6425,6054,51,0,0,418079,0,43,46054,19807,17784,13488,26542,6425,6054,51,0,0,418079,0,51,46054,19807,17784,13488,26542,6425,6054,51,0,0,418079,0,1525,46054,19807,17784,13488,26542,6425,6054,51,0,0,418079,0,275,46054,19807,17784,13488,26542,6425,6054,51,0,0,810778,0,73,104902,15314,13955,60888,73260,11813,22214,51,0,0,810778,0,51,104902,15314,13955,60888,73260,11813,22214,51,0,0,810778,0,44,104902,15314,13955,60888,73260,11813,22214,51,0,0,810778,0,1099,104902,15314,13955,60888,73260,11813,22214,51,0
3,0,418079,0,113,46054,19807,17784,13488,26542,6425,6054,51,0,0,418079,0,43,46054,19807,17784,13488,26542,6425,6054,51,0,0,418079,0,51,46054,19807,17784,13488,26542,6425,6054,51,0,0,418079,0,1525,46054,19807,17784,13488,26542,6425,6054,51,0,0,418079,0,275,46054,19807,17784,13488,26542,6425,6054,51,0,0,810778,0,73,104902,15314,13955,60888,73260,11813,22214,51,0,0,810778,0,51,104902,15314,13955,60888,73260,11813,22214,51,0,0,810778,0,44,104902,15314,13955,60888,73260,11813,22214,51,0,0,810778,0,1099,104902,15314,13955,60888,73260,11813,22214,51,0,0,810778,0,-997,104902,15314,13955,60888,73260,11813,22214,51,0
3,0,418079,0,43,46054,19807,17784,13488,26542,6425,6054,51,0,0,418079,0,51,46054,19807,17784,13488,26542,6425,6054,51,0,0,418079,0,1525,46054,19807,17784,13488,26542,6425,6054,51,0,0,418079,0,275,46054,19807,17784,13488,26542,6425,6054,51,0,0,810778,0,73,104902,15314,13955,60888,73260,11813,22214,51,0,0,810778,0,51,104902,15314,13955,60888,73260,11813,22214,51,0,0,810778,0,44,104902,15314,13955,60888,73260,11813,22214,51,0,0,810778,0,1099,104902,15314,13955,60888,73260,11813,22214,51,0,0,810778,0,-997,104902,15314,13955,60888,73260,11813,22214,51,0,0,810778,0,1596,104902,15314,13955,60888,73260,11813,22214,51,0
3,0,418079,0,51,46054,19807,17784,13488,26542,6425,6054,51,0,0,418079,0,1525,46054,19807,17784,13488,26542,6425,6054,51,0,0,418079,0,275,46054,19807,17784,13488,26542,6425,6054,51,0,0,810778,0,73,104902,15314,13955,60888,73260,11813,22214,51,0,0,810778,0,51,104902,15314,13955,60888,73260,11813,22214,51,0,0,810778,0,44,104902,15314,13955,60888,73260,11813,22214,51,0,0,810778,0,1099,104902,15314,13955,60888,73260,11813,22214,51,0,0,810778,0,-997,104902,15314,13955,60888,73260,11813,22214,51,0,0,810778,0,1596,104902,15314,13955,60888,73260,11813,22214,51,0,0,810778,0,295,104902,15314,13955,60888,73260,11813,22214,51,0
3,0,418079,0,1525,46054,19807,17784,13488,26542,6425,6054,51,0,0,418079,0,275,46054,19807,17784,13488,26542,6425,6054,51,0,0,810778,0,73,104902,15314,13955,60888,73260,11813,22214,51,0,0,810778,0,51,104902,15314,13955,60888,73260,11813,22214,51,0,0,810778,0,44,104902,15314,13955,60888,73260,11813,22214,51,0,0,810778,0,1099,104902,15314,13955,60888,73260,11813,22214,51,0,0,810778,0,-997,104902,15314,13955,60888,73260,11813,22214,51,0,0,810778,0,1596,104902,15314,13955,60888,73260,11813,22214,51,0,0,810778,0,295,104902,15314,13955,60888,73260,11813,22214,51,0,0,810778,0,74,104902,15314,13955,60888,73260,11813,22214,51,0
3,0,418079,0,275,46054,19807,17784,13488,26542,6425,6054,51,0,0,810778,0,73,104902,15314,13955,60888,73260,11813,22214,51,0,0,810778,0,51,104902,15314,13955,60888,73260,11813,22214,51,0,0,810778,0,44,104902,15314,13955,60888,73260,11813,22214,51,0,0,810778,0,1099,104902,15314,13955,60888,73260,11813,22214,51,0,0,810778,0,-997,104902,15314,13955,60888,73260,11813,22214,51,0,0,810778,0,1596,104902,15314,13955,60888,73260,11813,22214,51,0,0,810778,0,295,104902,15314,13955,60888,73260,11813,22214,51,0,0,810778,0,74,104902,15314,13955,60888,73260,11813,22214,51,0,0,810778,0,53,104902,15314,13955,60888,73260,11813,22214,51,0
3,0,810778,0,73,104902,15314,13955,60888,73260,11813,22214,51,0,0,810778,0,51,104902,15314,13955,60888,73260,11813,22214,51,0,0,810778,0,44,104902,15314,13955,60888,73260,11813,22214,51,0,0,810778,0,1099,104902,15314,13955,60888,73260,11813,22214,51,0,0,810778,0,-997,104902,15314,13955,60888,73260,11813,22214,51,0,0,810778,0,1596,104902,15314,13955,60888,73260,11813,22214,51,0,0,810778,0,295,104902,15314,13955,60888,73260,11813,22214,51,0,0,810778,0,74,104902,15314,13955,60888,73260,11813,22214,51,0,0,810778,0,53,104902,15314,13955,60888,73260,11813,22214,51,0,0,810778,0,2047,104902,15314,13955,60888,73260,11813,22214,51,0
3,0,810778,0,51,104902,15314,13955,60888,73260,11813,22214,51,0,0,810778,0,44,104902,15314,13955,60888,73260,11813,22214,51,0,0,810778,0,1099,104902,15314,13955,60888,73260,11813,22214,51,0,0,810778,0,-997,104902,15314,13955,60888,73260,11813,22214,51,0,0,810778,0,1596,104902,15314,13955,60888,73260,11813,22214,51,0,0,810778,0,295,104902,15314,13955,60888,73260,11813,22214,51,0,0,810778,0,74,104902,15314,13955,60888,73260,11813,22214,51,0,0,810778,0,53,104902,15314,13955,60888,73260,11813,22214,51,0,0,810778,0,2047,104902,15314,13955,60888,73260,11813,22214,51,0,0,1599610,0,298,133751,308266,160732,260056,504147,44372,91881,51,0
3,0,810778,0,44,104902,15314,13955,60888,73260,11813,22214,51,0,0,810778,0,1099,104902,15314,13955,60888,73260,11813,22214,51,0,0,810778,0,-997,104902,15314,13955,60888,73260,11813,22214,51,0,0,810778,0,1596,104902,15314,13955,60888,73260,11813,22214,51,0,0,810778,0,295,104902,15314,13955,60888,73260,11813,22214,51,0,0,810778,0,74,104902,15314,13955,60888,73260,11813,22214,51,0,0,810778,0,53,104902,15314,13955,60888,73260,11813,22214,51,0,0,810778,0,2047,104902,15314,13955,60888,73260,11813,22214,51,0,0,1599610,0,298,133751,308266,160732,260056,504147,44372,91881,51,0,0,1599610,0,102,133751,308266,160732,260056,504147,44372,91881,51,0
3,0,810778,0,1099,104902,15314,13955,60888,73260,11813,22214,51,0,0,810778,0,-997,104902,15314,13955,60888,73260,11813,22214,51,0,0,810778,0,1596,104902,15314,13955,60888,73260,11813,22214,51,0,0,810778,0,295,104902,15314,13955,60888,73260,11813,22214,51,0,0,810778,0,74,104902,15314,13955,60888,73260,11813,22214,51,0,0,810778,0,53,104902,15314,13955,60888,73260,11813,22214,51,0,0,810778,0,2047,104902,15314,13955,60888,73260,11813,22214,51,0,0,1599610,0,298,133751,308266,160732,260056,504147,44372,91881,51,0,0,1599610,0,102,133751,308266,160732,260056,504147,44372,91881,51,0,0,1599610,0,53,133751,308266,160732,260056,504147,44372,91881,51,0
3,0,810778,0,-997,104902,15314,13955,60888,73260,11813,22214,51,0,0,810778,0,1596,104902,15314,13955,60888,73260,11813,22214,51,0,0,810778,0,295,104902,15314,13955,60888,73260,11813,22214,51,0,0,810778,0,74,104902,15314,13955,60888,73260,11813,22214,51,0,0,810778,0,53,104902,15314,13955,60888,73260,11813,22214,51,0,0,810778,0,2047,104902,15314,13955,60888,73260,11813,22214,51,0,0,1599610,0,298,133751,308266,160732,260056,504147,44372,91881,51,0,0,1599610,0,102,133751,308266,160732,260056,504147,44372,91881,51,0,0,1599610,0,53,133751,308266,160732,260056,504147,44372,91881,51,0,0,1599610,0,45,133751,308266,160732,260056,504147,44372,91881,51,0
3,0,810778,0,1596,104902,15314,13955,60888,73260,11813,22214,51,0,0,810778,0,295,104902,15314,13955,60888,73260,11813,22214,51,0,0,810778,0,74,104902,15314,13955,60888,73260,11813,22214,51,0,0,810778,0,53,104902,15314,13955,60888,73260,11813,22214,51,0,0,810778,0,2047,104902,15314,13955,60888,73260,11813,22214,51,0,0,1599610,0,298,133751,308266,160732,260056,504147,44372,91881,51,0,0,1599610,0,102,133751,308266,160732,260056,504147,44372,91881,51,0,0,1599610,0,53,133751,308266,160732,260056,504147,44372,91881,51,0,0,1599610,0,45,133751,308266,160732,260056,504147,44372,91881,51,0,0,1599610,0,44,133751,308266,160732,260056,504147,44372,91881,51,0
3,0,810778,0,295,104902,15314,13955,60888,73260,11813,22214,51,0,0,810778,0,74,104902,15314,13955,60888,73260,11813,22214,51,0,0,810778,0,53,104902,15314,13955,60888,73260,11813,22214,51,0,0,810778,0,2047,104902,15314,13955,60888,73260,11813,22214,51,0,0,1599610,0,298,133751,308266,160732,260056,504147,44372,91881,51,0,0,1599610,0,102,133751,308266,160732,260056,504147,44372,91881,51,0,0,1599610,0,53,133751,308266,160732,260056,504147,44372,91881,51,0,0,1599610,0,45,133751,308266,160732,260056,504147,44372,91881,51,0,0,1599610,0,44,133751,308266,160732,260056,504147,44372,91881,51,0,0,1599610,0,-2048,133751,308266,160732,260056,504147,44372,91881,51,0
3,0,810778,0,74,104902,15314,13955,60888,73260,11813,22214,51,0,0,810778,0,53,104902,15314,13955,60888,73260,11813,22214,51,0,0,810778,0,2047,104902,15314,13955,60888,73260,11813,22214,51,0,0,1599610,0,298,133751,308266,160732,260056,504147,44372,91881,51,0,0,1599610,0,102,133751,308266,160732,260056,504147,44372,91881,51,0,0,1599610,0,53,133751,308266,160732,260056,504147,44372,91881,51,0,0,1599610,0,45,133751,308266,160732,260056,504147,44372,91881,51,0,0,1599610,0,44,133751,308266,160732,260056,504147,44372,91881,51,0,0,1599610,0,-2048,133751,308266,160732,260056,504147,44372,91881,51,0,0,1599610,0,1896,133751,308266,160732,260056,504147,44372,91881,51,0
3,0,810778,0,53,104902,15314,13955,60888,73260,11813,22214,51,0,0,810778,0,2047,104902,15314,13955,60888,73260,11813,22214,51,0,0,1599610,0,298,133751,308266,160732,260056,504147,44372,91881,51,0,0,1599610,0,102,133751,308266,160732,260056,504147,44372,91881,51,0,0,1599610,0,53,133751,308266,160732,260056,504147,44372,91881,51,0,0,1599610,0,45,133751,308266,160732,260056,504147,44372,91881,51,0,0,1599610,0,44,133751,308266,160732,260056,504147,44372,91881,51,0,0,1599610,0,-2048,133751,308266,160732,260056,504147,44372,91881,51,0,0,1599610,0,1896,133751,308266,160732,260056,504147,44372,91881,51,0,0,1599610,0,763,133751,308266,160732,260056,504147,44372,91881,51,0
3,0,810778,0,2047,104902,15314,13955,60888,73260,11813,22214,51,0,0,1599610,0,298,133751,308266,160732,260056,504147,44372,91881,51,0,0,1599610,0,102,133751,308266,160732,260056,504147,44372,91881,51,0,0,1599610,0,53,133751,308266,160732,260056,504147,44372,91881,51,0,0,1599610,0,45,133751,308266,160732,260056,504147,44372,91881,51,0,0,1599610,0,44,133751,308266,160732,260056,504147,44372,91881,51,0,0,1599610,0,-2048,133751,308266,160732,260056,504147,44372,91881,51,0,0,1599610,0,1896,133751,308266,160732,260056,504147,44372,91881,51,0,0,1599610,0,763,133751,308266,160732,260056,504147,44372,91881,51,0,0,1599610,0,-587,133751,308266,160732,260056,504147,44372,91881,51,0
3,0,1599610,0,298,133751,308266,160732,260056,504147,44372,91881,51,0,0,1599610,0,102,133751,308266,160732,260056,504147,44372,91881,51,0,0,1599610,0,53,133751,308266,160732,260056,504147,44372,91881,51,0,0,1599610,0,45,133751,308266,160732,260056,504147,44372,91881,51,0,0,1599610,0,44,133751,308266,160732,260056,504147,44372,91881,51,0,0,1599610,0,-2048,133751,308266,160732,260056,504147,44372,91881,51,0,0,1599610,0,1896,133751,308266,160732,260056,504147,44372,91881,51,0,0,1599610,0,763,133751,308266,160732,260056,504147,44372,91881,51,0,0,1599610,0,-587,133751,308266,160732,260056,504147,44372,91881,51,0,0,1599610,0,288,133751,308266,160732,260056,504147,44372,91881,51,0
3,0,1599610,0,102,133751,308266,160732,260056,504147,44372,91881,51,0,0,1599610,0,53,133751,308266,160732,260056,504147,44372,91881,51,0,0,1599610,0,45,133751,308266,160732,260056,504147,44372,91881,51,0,0,1599610,0,44,133751,308266,160732,260056,504147,44372,91881,51,0,0,1599610,0,-2048,133751,308266,160732,260056,504147,44372,91881,51,0,0,1599610,0,1896,133751,308266,160732,260056,504147,44372,91881,51,0,0,1599610,0,763,133751,308266,160732,260056,504147,44372,91881,51,0,0,1599610,0,-587,133751,308266,160732,260056,504147,44372,91881,51,0,0,1599610,0,288,133751,308266,160732,260056,504147,44372,91881,51,0,0,1171262,0,2047,163175,114895,27602,67301,36219,38869,100383,51,0
3,0,1599610,0,53,133751,308266,160732,260056,504147,44372,91881,51,0,0,1599610,0,45,133751,308266,160732,260056,504147,44372,91881,51,0,0,1599610,0,44,133751,308266,160732,260056,504147,44372,91881,51,0,0,1599610,0,-2048,133751,308266,160732,260056,504147,44372,91881,51,0,0,1599610,0,1896,133751,308266,160732,260056,504147,44372,91881,51,0,0,1599610,0,763,133751,308266,160732,260056,504147,44372,91881,51,0,0,1599610,0,-587,133751,308266,160732,260056,504147,44372,91881,51,0,0,1599610,0,288,133751,308266,160732,260056,504147,44372,91881,51,0,0,1171262,0,2047,163175,114895,27602,67301,36219,38869,100383,51,0,0,1171262,0,385,163175,114895,27602,67301,36219,38869,100383,51,0
3,0,1599610,0,45,133751,308266,160732,260056,504147,44372,91881,51,0,0,1599610,0,44,133751,308266,160732,260056,504147,44372,91881,51,0,0,1599610,0,-2048,133751,308266,160732,260056,504147,44372,91881,51,0,0,1599610,0,1896,133751,308266,160732,260056,504147,44372,91881,51,0,0,1599610,0,763,133751,308266,160732,260056,504147,44372,91881,51,0,0,1599610,0,-587,133751,308266,160732,260056,504147,44372,91881,51,0,0,1599610,0,288,133751,308266,160732,260056,504147,44372,91881,51,0,0,1171262,0,2047,163175,114895,27602,67301,36219,38869,100383,51,0,0,1171262,0,385,163175,114895,27602,67301,36219,38869,100383,51,0,0,1171262,0,98,163175,114895,27602,67301,36219,38869,100383,51,0
3,0,1599610,0,44,133751,308266,160732,260056,504147,44372,91881,51,0,0,1599610,0,-2048,133751,308266,160732,260056,504147,44372,91881,51,0,0,1599610,0,1896,133751,308266,160732,260056,504147,44372,91881,51,0,0,1599610,0,763,133751,308266,160732,260056,504147,44372,91881,51,0,0,1599610,0,-587,133751,308266,160732,260056,504147,44372,91881,51,0,0,1599610,0,288,133751,308266,160732,260056,504147,44372,91881,51,0,0,1171262,0,2047,163175,114895,27602,67301,36219,38869,100383,51,0,0,1171262,0,385,163175,114895,27602,67301,36219,38869,100383,51,0,0,1171262,0,98,163175,114895,27602,67301,36219,38869,100383,51,0,0,1171262,0,53,163175,114895,27602,67301,36219,38869,100383,51,0
3,0,1599610,0,-2048,133751,308266,160732,260056,504147,44372,91881,51,0,0,1599610,0,1896,133751,308266,160732,260056,504147,44372,91881,51,0,0,1599610,0,763,133751,308266,160732,260056,504147,44372,91881,51,0,0,1599610,0,-587,133751,308266,160732,260056,504147,44372,91881,51,0,0,1599610,0,288,133751,308266,160732,260056,504147,44372,91881,51,0,0,1171262,0,2047,163175,114895,27602,67301,36219,38869,100383,51,0,0,1171262,0,385,163175,114895,27602,67301,36219,38869,100383,51,0,0,1171262,0,98,163175,114895,27602,67301,36219,38869,100383,51,0,0,1171262,0,53,163175,114895,27602,67301,36219,38869,100383,51,0,0,1171262,0,50,163175,114895,27602,67301,36219,38869,100383,51,0
3,0,1599610,0,1896,133751,308266,160732,260056,504147,44372,91881,51,0,0,1599610,0,763,133751,308266,160732,260056,504147,44372,91881,51,0,0,1599610,0,-587,133751,308266,160732,260056,504147,44372,91881,51,0,0,1599610,0,288,133751,308266,160732,260056,504147,44372,91881,51,0,0,1171262,0,2047,163175,114895,27602,67301,36219,38869,100383,51,0,0,1171262,0,385,163175,114895,27602,67301,36219,38869,100383,51,0,0,1171262,0,98,163175,114895,27602,67301,36219,38869,100383,51,0,0,1171262,0,53,163175,114895,27602,67301,36219,38869,100383,51,0,0,1171262,0,50,163175,114895,27602,67301,36219,38869,100383,51,0,0,1171262,0,-1038,163175,114895,27602,67301,36219,38869,100383,51,0
3,0,1599610,0,763,133751,308266,160732,260056,504147,44372,91881,51,0,0,1599610,0,-587,133751,308266,160732,260056,504147,44372,91881,51,0,0,1599610,0,288,133751,308266,160732,260056,504147,44372,91881,51,0,0,1171262,0,2047,163175,114895,27602,67301,36219,38869,100383,51,0,0,1171262,0,385,163175,114895,27602,67301,36219,38869,100383,51,0,0,1171262,0,98,163175,114895,27602,67301,36219,38869,100383,51,0,0,1171262,0,53,163175,114895,27602,67301,36219,38869,100383,51,0,0,1171262,0,50,163175,114895,27602,67301,36219,38869,100383,51,0,0,1171262,0,-1038,163175,114895,27602,67301,36219,38869,100383,51,0,0,1171262,0,1639,163175,114895,27602,67301,36219,38869,100383,51,0
3,0,1599610,0,-587,133751,308266,160732,260056,504147,44372,91881,51,0,0,1599610,0,288,133751,308266,160732,260056,504147,44372,91881,51,0,0,1171262,0,2047,163175,114895,27602,67301,36219,38869,100383,51,0,0,1171262,0,385,163175,114895,27602,67301,36219,38869,100383,51,0,0,1171262,0,98,163175,114895,27602,67301,36219,38869,100383,51,0,0,1171262,0,53,163175,114895,27602,67301,36219,38869,100383,51,0,0,1171262,0,50,163175,114895,27602,67301,36219,38869,100383,51,0,0,1171262,0,-1038,163175,114895,27602,67301,36219,38869,100383,51,0,0,1171262,0,1639,163175,114895,27602,67301,36219,38869,100383,51,0,0,1171262,0,795,163175,114895,27602,67301,36219,38869,100383,51,0
3,0,1599610,0,288,133751,308266,160732,260056,504147,44372,91881,51,0,0,1171262,0,2047,163175,114895,27602,67301,36219,38869,100383,51,0,0,1171262,0,385,163175,114895,27602,67301,36219,38869,100383,51,0,0,1171262,0,98,163175,114895,27602,67301,36219,38869,100383,51,0,0,1171262,0,53,163175,114895,27602,67301,36219,38869,100383,51,0,0,1171262,0,50,163175,114895,27602,67301,36219,38869,100383,51,0,0,1171262,0,-1038,163175,114895,27602,67301,36219,38869,100383,51,0,0,1171262,0,1639,163175,114895,27602,67301,36219,38869,100383,51,0,0,1171262,0,795,163175,114895,27602,67301,36219,38869,100383,51,0,0,1171262,0,162,163175,114895,27602,67301,36219,38869,100383,51,0
3,0,1171262,0,2047,163175,114895,27602,67301,36219,38869,100383,51,0,0,1171262,0,385,163175,114895,27602,67301,36219,38869,100383,51,0,0,1171262,0,98,163175,114895,27602,67301,36219,38869,100383,51,0,0,1171262,0,53,163175,114895,27602,67301,36219,38869,100383,51,0,0,1171262,0,50,163175,114895,27602,67301,36219,38869,100383,51,0,0,1171262,0,-1038,163175,114895,27602,67301,36219,38869,100383,51,0,0,1171262,0,1639,163175,114895,27602,67301,36219,38869,100383,51,0,0,1171262,0,795,163175,114895,27602,67301,36219,38869,100383,51,0,0,1171262,0,162,163175,114895,27602,67301,36219,38869,100383,51,0,0,1171262,0,65,163175,114895,27602,67301,36219,38869,100383,51,0
3,0,1171262,0,385,163175,114895,27602,67301,36219,38869,100383,51,0,0,1171262,0,98,163175,114895,27602,67301,36219,38869,100383,51,0,0,1171262,0,53,163175,114895,27602,67301,36219,38869,100383,51,0,0,1171262,0,50,163175,114895,27602,67301,36219,38869,100383,51,0,0,1171262,0,-1038,163175,114895,27602,67301,36219,38869,100383,51,0,0,1171262,0,1639,163175,114895,27602,67301,36219,38869,100383,51,0,0,1171262,0,795,163175,114895,27602,67301,36219,38869,100383,51,0,0,1171262,0,162,163175,114895,27602,67301,36219,38869,100383,51,0,0,1171262,0,65,163175,114895,27602,67301,36219,38869,100383,51,0,0,593447,0,48,180291,25455,31345,41348,25694,40179,45550,51,0
3,0,1171262,0,98,163175,114895,27602,67301,36219,38869,100383,51,0,0,1171262,0,53,163175,114895,27602,67301,36219,38869,100383,51,0,0,1171262,0,50,163175,114895,27602,67301,36219,38869,100383,51,0,0,1171262,0,-1038,163175,114895,27602,67301,36219,38869,100383,51,0,0,1171262,0,1639,163175,114895,27602,67301,36219,38869,100383,51,0,0,1171262,0,795,163175,114895,27602,67301,36219,38869,100383,51,0,0,1171262,0,162,163175,114895,27602,67301,36219,38869,100383,51,0,0,1171262,0,65,163175,114895,27602,67301,36219,38869,100383,51,0,0,593447,0,48,180291,25455,31345,41348,25694,40179,45550,51,0,0,593447,0,2047,180291,25455,31345,41348,25694,40179,45550,51,0
3,0,1171262,0,53,163175,114895,27602,67301,36219,38869,100383,51,0,0,1171262,0,50,163175,114895,27602,67301,36219,38869,100383,51,0,0,1171262,0,-1038,163175,114895,27602,67301,36219,38869,100383,51,0,0,1171262,0,1639,163175,114895,27602,67301,36219,38869,100383,51,0,0,1171262,0,795,163175,114895,27602,67301,36219,38869,100383,51,0,0,1171262,0,162,163175,114895,27602,67301,36219,38869,100383,51,0,0,1171262,0,65,163175,114895,27602,67301,36219,38869,100383,51,0,0,593447,0,48,180291,25455,31345,41348,25694,40179,45550,51,0,0,593447,0,2047,180291,25455,31345,41348,25694,40179,45550,51,0,0,593447,0,534,180291,25455,31345,41348,25694,40179,45550,51,0
3,0,1171262,0,50,163175,114895,27602,67301,36219,38869,100383,51,0,0,1171262,0,-1038,163175,114895,27602,67301,36219,38869,100383,51,0,0,1171262,0,1639,163175,114895,27602,67301,36219,38869,100383,51,0,0,1171262,0,795,163175,114895,27602,67301,36219,38869,100383,51,0,0,1171262,0,162,163175,114895,27602,67301,36219,38869,100383,51,0,0,1171262,0,65,163175,114895,27602,67301,36219,38869,100383,51,0,0,593447,0,48,180291,25455,31345,41348,25694,40179,45550,51,0,0,593447,0,2047,180291,25455,31345,41348,25694,40179,45550,51,0,0,593447,0,534,180291,25455,31345,41348,25694,40179,45550,51,0,0,593447,0,120,180291,25455,31345,41348,25694,40179,45550,51,0
3,0,1171262,0,-1038,163175,114895,27602,67301,36219,38869,100383,51,0,0,1171262,0,1639,163175,114895,27602,67301,36219,38869,100383,51,0,0,1171262,0,795,163175,114895,27602,67301,36219,38869,100383,51,0,0,1171262,0,162,163175,114895,27602,67301,36219,38869,100383,51,0,0,1171262,0,65,163175,114895,27602,67301,36219,38869,100383,51,0,0,593447,0,48,180291,25455,31345,41348,25694,40179,45550,51,0,0,593447,0,2047,180291,25455,31345,41348,25694,40179,45550,51,0,0,593447,0,534,180291,25455,31345,41348,25694,40179,45550,51,0,0,593447,0,120,180291,25455,31345,41348,25694,40179,45550,51,0,0,593447,0,56,180291,25455,31345,41348,25694,40179,45550,51,0
3,0,1171262,0,1639,163175,114895,27602,67301,36219,38869,100383,51,0,0,1171262,0,795,163175,114895,27602,67301,36219,38869,100383,51,0,0,1171262,0,162,163175,114895,27602,67301,36219,38869,100383,51,0,0,1171262,0,65,163175,114895,27602,67301,36219,38869,100383,51,0,0,593447,0,48,180291,25455,31345,41348,25694,40179,45550,51,0,0,593447,0,2047,180291,25455,31345,41348,25694,40179,45550,51,0,0,593447,0,534,180291,25455,31345,41348,25694,40179,45550,51,0,0,593447,0,120,180291,25455,31345,41348,25694,40179,45550,51,0,0,593447,0,56,180291,25455,31345,41348,25694,40179,45550,51,0,0,593447,0,45,180291,25455,31345,41348,25694,40179,45550,51,0
3,0,1171262,0,795,163175,114895,27602,67301,36219,38869,100383,51,0,0,1171262,0,162,163175,114895,27602,67301,36219,38869,100383,51,0,0,1171262,0,65,163175,114895,27602,67301,36219,38869,100383,51,0,0,593447,0,48,180291,25455,31345,41348,25694,40179,45550,51,0,0,593447,0,2047,180291,25455,31345,41348,25694,40179,45550,51,0,0,593447,0,534,180291,25455,31345,41348,25694,40179,45550,51,0,0,593447,0,120,180291,25455,31345,41348,25694,40179,45550,51,0,0,593447,0,56,180291,25455,31345,41348,25694,40179,45550,51,0,0,593447,0,45,180291,25455,31345,41348,25694,40179,45550,51,0,0,593447,0,-1425,180291,25455,31345,41348,25694,40179,45550,51,0
3,0,1171262,0,162,163175,114895,27602,67301,36219,38869,100383,51,0,0,1171262,0,65,163175,114895,27602,67301,36219,38869,100383,51,0,0,593447,0,48,180291,25455,31345,41348,25694,40179,45550,51,0,0,593447,0,2047,180291,25455,31345,41348,25694,40179,45550,51,0,0,593447,0,534,180291,25455,31345,41348,25694,40179,45550,51,0,0,593447,0,120,180291,25455,31345,41348,25694,40179,45550,51,0,0,593447,0,56,180291,25455,31345,41348,25694,40179,45550,51,0,0,593447,0,45,180291,25455,31345,41348,25694,40179,45550,51,0,0,593447,0,-1425,180291,25455,31345,41348,25694,40179,45550,51,0,0,593447,0,1665,180291,25455,31345,41348,25694,40179,45550,51,0
3,0,1171262,0,65,163175,114895,27602,67301,36219,38869,100383,51,0,0,593447,0,48,180291,25455,31345,41348,25694,40179,45550,51,0,0,593447,0,2047,180291,25455,31345,41348,25694,40179,45550,51,0,0,593447,0,534,180291,25455,31345,41348,25694,40179,45550,51,0,0,593447,0,120,180291,25455,31345,41348,25694,40179,45550,51,0,0,593447,0,56,180291,25455,31345,41348,25694,40179,45550,51,0,0,593447,0,45,180291,25455,31345,41348,25694,40179,45550,51,0,0,593447,0,-1425,180291,25455,31345,41348,25694,40179,45550,51,0,0,593447,0,1665,180291,25455,31345,41348,25694,40179,45550,51,0,0,593447,0,444,180291,25455,31345,41348,25694,40179,45550,51,0
3,0,593447,0,48,180291,25455,31345,41348,25694,40179,45550,51,0,0,593447,0,2047,180291,25455,31345,41348,25694,40179,45550,51,0,0,593447,0,534,180291,25455,31345,41348,25694,40179,45550,51,0,0,593447,0,120,180291,25455,31345,41348,25694,40179,45550,51,0,0,593447,0,56,180291,25455,31345,41348,25694,40179,45550,51,0,0,593447,0,45,180291,25455,31345,41348,25694,40179,45550,51,0,0,593447,0,-1425,180291,25455,31345,41348,25694,40179,45550,51,0,0,593447,0,1665,180291,25455,31345,41348,25694,40179,45550,51,0,0,593447,0,444,180291,25455,31345,41348,25694,40179,45550,51,0,0,593447,0,109,180291,25455,31345,41348,25694,40179,45550,51,0
3,0,593447,0,2047,180291,25455,31345,41348,25694,40179,45550,51,0,0,593447,0,534,180291,25455,31345,41348,25694,40179,45550,51,0,0,593447,0,120,180291,25455,31345,41348,25694,40179,45550,51,0,0,593447,0,56,180291,25455,31345,41348,25694,40179,45550,51,0,0,593447,0,45,180291,25455,31345,41348,25694,40179,45550,51,0,0,593447,0,-1425,180291,25455,31345,41348,25694,40179,45550,51,0,0,593447,0,1665,180291,25455,31345,41348,25694,40179,45550,51,0,0,593447,0,444,180291,25455,31345,41348,25694,40179,45550,51,0,0,593447,0,109,180291,25455,31345,41348,25694,40179,45550,51,0,0,215099,0,56,124876,24755,27850,13043,41387,6235,22142,51,0
3,0,593447,0,534,180291,25455,31345,41348,25694,40179,45550,51,0,0,593447,0,120,180291,25455,31345,41348,25694,40179,45550,51,0,0,593447,0,56,180291,25455,31345,41348,25694,40179,45550,51,0,0,593447,0,45,180291,25455,31345,41348,25694,40179,45550,51,0,0,593447,0,-1425,180291,25455,31345,41348,25694,40179,45550,51,0,0,593447,0,1665,180291,25455,31345,41348,25694,40179,45550,51,0,0,593447,0,444,180291,25455,31345,41348,25694,40179,45550,51,0,0,593447,0,109,180291,25455,31345,41348,25694,40179,45550,51,0,0,215099,0,56,124876,24755,27850,13043,41387,6235,22142,51,0,0,215099,0,-1,124876,24755,27850,13043,41387,6235,22142,51,0
3,0,593447,0,120,180291,25455,31345,41348,25694,40179,45550,51,0,0,593447,0,56,180291,25455,31345,41348,25694,40179,45550,51,0,0,593447,0,45,180291,25455,31345,41348,25694,40179,45550,51,0,0,593447,0,-1425,180291,25455,31345,41348,25694,40179,45550,51,0,0,593447,0,1665,180291,25455,31345,41348,25694,40179,45550,51,0,0,593447,0,444,180291,25455,31345,41348,25694,40179,45550,51,0,0,593447,0,109,180291,25455,31345,41348,25694,40179,45550,51,0,0,215099,0,56,124876,24755,27850,13043,41387,6235,22142,51,0,0,215099,0,-1,124876,24755,27850,13043,41387,6235,22142,51,0,0,215099,0,1516,124876,24755,27850,13043,41387,6235,22142,51,0
3,0,593447,0,56,180291,25455,31345,41348,25694,40179,45550,51,0,0,593447,0,45,180291,25455,31345,41348,25694,40179,45550,51,0,0,593447,0,-1425,180291,25455,31345,41348,25694,40179,45550,51,0,0,593447,0,1665,180291,25455,31345,41348,25694,40179,45550,51,0,0,593447,0,444,180291,25455,31345,41348,25694,40179,45550,51,0,0,593447,0,109,180291,25455,31345,41348,25694,40179,45550,51,0,0,215099,0,56,124876,24755,27850,13043,41387,6235,22142,51,0,0,215099,0,-1,124876,24755,27850,13043,41387,6235,22142,51,0,0,215099,0,1516,124876,24755,27850,13043,41387,6235,22142,51,0,0,215099,0,274,124876,24755,27850,13043,41387,6235,22142,51,0
3,0,593447,0,45,180291,25455,31345,41348,25694,40179,45550,51,0,0,593447,0,-1425,180291,25455,31345,41348,25694,40179,45550,51,0,0,593447,0,1665,180291,25455,31345,41348,25694,40179,45550,51,0,0,593447,0,444,180291,25455,31345,41348,25694,40179,45550,51,0,0,593447,0,109,180291,25455,31345,41348,25694,40179,45550,51,0,0,215099,0,56,124876,24755,27850,13043,41387,6235,22142,51,0,0,215099,0,-1,124876,24755,27850,13043,41387,6235,22142,51,0,0,215099,0,1516,124876,24755,27850,13043,41387,6235,22142,51,0,0,215099,0,274,124876,24755,27850,13043,41387,6235,22142,51,0,0,215099,0,81,124876,24755,27850,13043,41387,6235,22142,51,0
3,0,593447,0,-1425,180291,25455,31345,41348,25694,40179,45550,51,0,0,593447,0,1665,180291,25455,31345,41348,25694,40179,45550,51,0,0,593447,0,444,180291,25455,31345,41348,25694,40179,45550,51,0,0,593447,0,109,180291,25455,31345,41348,25694,40179,45550,51,0,0,215099,0,56,124876,24755,27850,13043,41387,6235,22142,51,0,0,215099,0,-1,124876,24755,27850,13043,41387,6235,22142,51,0,0,215099,0,1516,124876,24755,27850,13043,41387,6235,22142,51,0,0,215099,0,274,124876,24755,27850,13043,41387,6235,22142,51,0,0,215099,0,81,124876,24755,27850,13043,41387,6235,22142,51,0,0,215099,0,50,124876,24755,27850,13043,41387,6235,22142,51,0
3,0,593447,0,1665,180291,25455,31345,41348,25694,40179,45550,51,0,0,593447,0,444,180291,25455,31345,41348,25694,40179,45550,51,0,0,593447,0,109,180291,25455,31345,41348,25694,40179,45550,51,0,0,215099,0,56,124876,24755,27850,13043,41387,6235,22142,51,0,0,215099,0,-1,124876,24755,27850,13043,41387,6235,22142,51,0,0,215099,0,1516,124876,24755,27850,13043,41387,6235,22142,51,0,0,215099,0,274,124876,24755,27850,13043,41387,6235,22142,51,0,0,215099,0,81,124876,24755,27850,13043,41387,6235,22142,51,0,0,215099,0,50,124876,24755,27850,13043,41387,6235,22142,51,0,0,215099,0,44,124876,24755,27850,13043,41387,6235,22142,51,0
3,0,593447,0,444,180291,25455,31345,41348,25694,40179,45550,51,0,0,593447,0,109,180291,25455,31345,41348,25694,40179,45550,51,0,0,215099,0,56,124876,24755,27850,13043,41387,6235,22142,51,0,0,215099,0,-1,124876,24755,27850,13043,41387,6235,22142,51,0,0,215099,0,1516,124876,24755,27850,13043,41387,6235,22142,51,0,0,215099,0,274,124876,24755,27850,13043,41387,6235,22142,51,0,0,215099,0,81,124876,24755,27850,13043,41387,6235,22142,51,0,0,215099,0,50,124876,24755,27850,13043,41387,6235,22142,51,0,0,215099,0,44,124876,24755,27850,13043,41387,6235,22142,51,0,0,215099,0,48,124876,24755,27850,13043,41387,6235,22142,51,0
3,0,593447,0,109,180291,25455,31345,41348,25694,40179,45550,51,0,0,215099,0,56,124876,24755,27850,13043,41387,6235,22142,51,0,0,215099,0,-1,124876,24755,27850,13043,41387,6235,22142,51,0,0,215099,0,1516,124876,24755,27850,13043,41387,6235,22142,51,0,0,215099,0,274,124876,24755,27850,13043,41387,6235,22142,51,0,0,215099,0,81,124876,24755,27850,13043,41387,6235,22142,51,0,0,215099,0,50,124876,24755,27850,13043,41387,6235,22142,51,0,0,215099,0,44,124876,24755,27850,13043,41387,6235,22142,51,0,0,215099,0,48,124876,24755,27850,13043,41387,6235,22142,51,0,0,215099,0,49,124876,24755,27850,13043,41387,6235,22142,51,0
3,0,215099,0,56,124876,24755,27850,13043,41387,6235,22142,51,0,0,215099,0,-1,124876,24755,27850,13043,41387,6235,22142,51,0,0,215099,0,1516,124876,24755,27850,13043,41387,6235,22142,51,0,0,215099,0,274,124876,24755,27850,13043,41387,6235,22142,51,0,0,215099,0,81,124876,24755,27850,13043,41387,6235,22142,51,0,0,215099,0,50,124876,24755,27850,13043,41387,6235,22142,51,0,0,215099,0,44,124876,24755,27850,13043,41387,6235,22142,51,0,0,215099,0,48,124876,24755,27850,13043,41387,6235,22142,51,0,0,215099,0,49,124876,24755,27850,13043,41387,6235,22142,51,0,0,215099,0,45,124876,24755,27850,13043,41387,6235,22142,51,0
3,0,215099,0,-1,124876,24755,27850,13043,41387,6235,22142,51,0,0,215099,0,1516,124876,24755,27850,13043,41387,6235,22142,51,0,0,215099,0,274,124876,24755,27850,13043,41387,6235,22142,51,0,0,215099,0,81,124876,24755,27850,13043,41387,6235,22142,51,0,0,215099,0,50,124876,24755,27850,13043,41387,6235,22142,51,0,0,215099,0,44,124876,24755,27850,13043,41387,6235,22142,51,0,0,215099,0,48,124876,24755,27850,13043,41387,6235,22142,51,0,0,215099,0,49,124876,24755,27850,13043,41387,6235,22142,51,0,0,215099,0,45,124876,24755,27850,13043,41387,6235,22142,51,0,0,989423,0,44,42308,39540,10687,30416,23739,31022,20365,51,0
3,0,215099,0,1516,124876,24755,27850,13043,41387,6235,22142,51,0,0,215099,0,274,124876,24755,27850,13043,41387,6235,22142,51,0,0,215099,0,81,124876,24755,27850,13043,41387,6235,22142,51,0,0,215099,0,50,124876,24755,27850,13043,41387,6235,22142,51,0,0,215099,0,44,124876,24755,27850,13043,41387,6235,22142,51,0,0,215099,0,48,124876,24755,27850,13043,41387,6235,22142,51,0,0,215099,0,49,124876,24755,27850,13043,41387,6235,22142,51,0,0,215099,0,45,124876,24755,27850,13043,41387,6235,22142,51,0,0,989423,0,44,42308,39540,10687,30416,23739,31022,20365,51,0,0,989423,0,49,42308,39540,10687,30416,23739,31022,20365,51,0
3,0,215099,0,274,124876,24755,27850,13043,41387,6235,22142,51,0,0,215099,0,81,124876,24755,27850,13043,41387,6235,22142,51,0,0,215099,0,50,124876,24755,27850,13043,41387,6235,22142,51,0,0,215099,0,44,124876,24755,27850,13043,41387,6235,22142,51,0,0,215099,0,48,124876,24755,27850,13043,41387,6235,22142,51,0,0,215099,0,49,124876,24755,27850,13043,41387,6235,22142,51,0,0,215099,0,45,124876,24755,27850,13043,41387,6235,22142,51,0,0,989423,0,44,42308,39540,10687,30416,23739,31022,20365,51,0,0,989423,0,49,42308,39540,10687,30416,23739,31022,20365,51,0,0,989423,0,1849,42308,39540,10687,30416,23739,31022,20365,51,0
3,0,215099,0,81,124876,24755,27850,13043,41387,6235,22142,51,0,0,215099,0,50,124876,24755,27850,13043,41387,6235,22142,51,0,0,215099,0,44,124876,24755,27850,13043,41387,6235,22142,51,0,0,215099,0,48,124876,24755,27850,13043,41387,6235,22142,51,0,0,215099,0,49,124876,24755,27850,13043,41387,6235,22142,51,0,0,215099,0,45,124876,24755,27850,13043,41387,6235,22142,51,0,0,989423,0,44,42308,39540,10687,30416,23739,31022,20365,51,0,0,989423,0,49,42308,39540,10687,30416,23739,31022,20365,51,0,0,989423,0,1849,42308,39540,10687,30416,23739,31022,20365,51,0,0,989423,0,325,42308,39540,10687,30416,23739,31022,20365,51,0
3,0,215099,0,50,124876,24755,27850,13043,41387,6235,22142,51,0,0,215099,0,44,124876,24755,27850,13043,41387,6235,22142,51,0,0,215099,0,48,124876,24755,27850,13043,41387,6235,22142,51,0,0,215099,0,49,124876,24755,27850,13043,41387,6235,22142,51,0,0,215099,0,45,124876,24755,27850,13043,41387,6235,22142,51,0,0,989423,0,44,42308,39540,10687,30416,23739,31022,20365,51,0,0,989423,0,49,42308,39540,10687,30416,23739,31022,20365,51,0,0,989423,0,1849,42308,39540,10687,30416,23739,31022,20365,51,0,0,989423,0,325,42308,39540,10687,30416,23739,31022,20365,51,0,0,989423,0,89,42308,39540,10687,30416,23739,31022,20365,51,0
3,0,215099,0,44,124876,24755,27850,13043,41387,6235,22142,51,0,0,215099,0,48,124876,24755,27850,13043,41387,6235,22142,51,0,0,215099,0,49,124876,24755,27850,13043,41387,6235,22142,51,0,0,215099,0,45,124876,24755,27850,13043,41387,6235,22142,51,0,0,989423,0,44,42308,39540,10687,30416,23739,31022,20365,51,0,0,989423,0,49,42308,39540,10687,30416,23739,31022,20365,51,0,0,989423,0,1849,42308,39540,10687,30416,23739,31022,20365,51,0,0,989423,0,325,42308,39540,10687,30416,23739,31022,20365,51,0,0,989423,0,89,42308,39540,10687,30416,23739,31022,20365,51,0,0,989423,0,52,42308,39540,10687,30416,23739,31022,20365,51,0
3,0,215099,0,48,124876,24755,27850,13043,41387,6235,22142,51,0,0,215099,0,49,124876,24755,27850,13043,41387,6235,22142,51,0,0,215099,0,45,124876,24755,27850,13043,41387,6235,22142,51,0,0,989423,0,44,42308,39540,10687,30416,23739,31022,20365,51,0,0,989423,0,49,42308,39540,10687,30416,23739,31022,20365,51,0,0,989423,0,1849,42308,39540,10687,30416,23739,31022,20365,51,0,0,989423,0,325,42308,39540,10687,30416,23739,31022,20365,51,0,0,989423,0,89,42308,39540,10687,30416,23739,31022,20365,51,0,0,989423,0,52,42308,39540,10687,30416,23739,31022,20365,51,0,0,989423,0,45,42308,39540,10687,30416,23739,31022,20365,51,0
3,0,215099,0,49,124876,24755,27850,13043,41387,6235,22142,51,0,0,215099,0,45,124876,24755,27850,13043,41387,6235,22142,51,0,0,989423,0,44,42308,39540,10687,30416,23739,31022,20365,51,0,0,989423,0,49,42308,39540,10687,30416,23739,31022,20365,51,0,0,989423,0,1849,42308,39540,10687,30416,23739,31022,20365,51,0,0,989423,0,325,42308,39540,10687,30416,23739,31022,20365,51,0,0,989423,0,89,42308,39540,10687,30416,23739,31022,20365,51,0,0,989423,0,52,42308,39540,10687,30416,23739,31022,20365,51,0,0,989423,0,45,42308,39540,10687,30416,23739,31022,20365,51,0,0,989423,0,44,42308,39540,10687,30416,23739,31022,20365,51,0
3,0,215099,0,45,124876,24755,27850,13043,41387,6235,22142,51,0,0,989423,0,44,42308,39540,10687,30416,23739,31022,20365,51,0,0,989423,0,49,42308,39540,10687,30416,23739,31022,20365,51,0,0,989423,0,1849,42308,39540,10687,30416,23739,31022,20365,51,0,0,989423,0,325,42308,39540,10687,30416,23739,31022,20365,51,0,0,989423,0,89,42308,39540,10687,30416,23739,31022,20365,51,0,0,989423,0,52,42308,39540,10687,30416,23739,31022,20365,51,0,0,989423,0,45,42308,39540,10687,30416,23739,31022,20365,51,0,0,989423,0,44,42308,39540,10687,30416,23739,31022,20365,51,0,0,989423,0,44,42308,39540,10687,30416,23739,31022,20365,51,0
3,0,989423,0,44,42308,39540,10687,30416,23739,31022,20365,51,0,0,989423,0,49,42308,39540,10687,30416,23739,31022,20365,51,0,0,989423,0,1849,42308,39540,10687,30416,23739,31022,20365,51,0,0,989423,0,325,42308,39540,10687,30416,23739,31022,20365,51,0,0,989423,0,89,42308,39540,10687,30416,23739,31022,20365,51,0,0,989423,0,52,42308,39540,10687,30416,23739,31022,20365,51,0,0,989423,0,45,42308,39540,10687,30416,23739,31022,20365,51,0,0,989423,0,44,42308,39540,10687,30416,23739,31022,20365,51,0,0,989423,0,44,42308,39540,10687,30416,23739,31022,20365,51,0,0,989423,0,48,42308,39540,10687,30416,23739,31022,20365,51,0
3,0,989423,0,49,42308,39540,10687,30416,23739,31022,20365,51,0,0,989423,0,1849,42308,39540,10687,30416,23739,31022,20365,51,0,0,989423,0,325,42308,39540,10687,30416,23739,31022,20365,51,0,0,989423,0,89,42308,39540,10687,30416,23739,31022,20365,51,0,0,989423,0,52,42308,39540,10687,30416,23739,31022,20365,51,0,0,989423,0,45,42308,39540,10687,30416,23739,31022,20365,51,0,0,989423,0,44,42308,39540,10687,30416,23739,31022,20365,51,0,0,989423,0,44,42308,39540,10687,30416,23739,31022,20365,51,0,0,989423,0,48,42308,39540,10687,30416,23739,31022,20365,51,0,0,1028802,0,49,97962,76414,32167,42232,39648,13962,11096,51,0
3,0,989423,0,1849,42308,39540,10687,30416,23739,31022,20365,51,0,0,989423,0,325,42308,39540,10687,30416,23739,31022,20365,51,0,0,989423,0,89,42308,39540,10687,30416,23739,31022,20365,51,0,0,989423,0,52,42308,39540,10687,30416,23739,31022,20365,51,0,0,989423,0,45,42308,39540,10687,30416,23739,31022,20365,51,0,0,989423,0,44,42308,39540,10687,30416,23739,31022,20365,51,0,0,989423,0,44,42308,39540,10687,30416,23739,31022,20365,51,0,0,989423,0,48,42308,39540,10687,30416,23739,31022,20365,51,0,0,1028802,0,49,97962,76414,32167,42232,39648,13962,11096,51,0,0,1028802,0,84,97962,76414,32167,42232,39648,13962,11096,51,0
3,0,989423,0,325,42308,39540,10687,30416,23739,31022,20365,51,0,0,989423,0,89,42308,39540,10687,30416,23739,31022,20365,51,0,0,989423,0,52,42308,39540,10687,30416,23739,31022,20365,51,0,0,989423,0,45,42308,39540,10687,30416,23739,31022,20365,51,0,0,989423,0,44,42308,39540,10687,30416,23739,31022,20365,51,0,0,989423,0,44,42308,39540,10687,30416,23739,31022,20365,51,0,0,989423,0,48,42308,39540,10687,30416,23739,31022,20365,51,0,0,1028802,0,49,97962,76414,32167,42232,39648,13962,11096,51,0,0,1028802,0,84,97962,76414,32167,42232,39648,13962,11096,51,0,0,1028802,0,-1105,97962,76414,32167,42232,39648,13962,11096,51,0
3,0,989423,0,89,42308,39540,10687,30416,23739,31022,20365,51,0,0,989423,0,52,42308,39540,10687,30416,23739,31022,20365,51,0,0,989423,0,45,42308,39540,10687,30416,23739,31022,20365,51,0,0,989423,0,44,42308,39540,10687,30416,23739,31022,20365,51,0,0,989423,0,44,42308,39540,10687,30416,23739,31022,20365,51,0,0,989423,0,48,42308,39540,10687,30416,23739,31022,20365,51,0,0,1028802,0,49,97962,76414,32167,42232,39648,13962,11096,51,0,0,1028802,0,84,97962,76414,32167,42232,39648,13962,11096,51,0,0,1028802,0,-1105,97962,76414,32167,42232,39648,13962,11096,51,0,0,1028802,0,-2048,97962,76414,32167,42232,39648,13962,11096,51,0
3,0,989423,0,52,42308,39540,10687,30416,23739,31022,20365,51,0,0,989423,0,45,42308,39540,10687,30416,23739,31022,20365,51,0,0,989423,0,44,42308,39540,10687,30416,23739,31022,20365,51,0,0,989423,0,44,42308,39540,10687,30416,23739,31022,20365,51,0,0,989423,0,48,42308,39540,10687,30416,23739,31022,20365,51,0,0,1028802,0,49,97962,76414,32167,42232,39648,13962,11096,51,0,0,1028802,0,84,97962,76414,32167,42232,39648,13962,11096,51,0,0,1028802,0,-1105,97962,76414,32167,42232,39648,13962,11096,51,0,0,1028802,0,-2048,97962,76414,32167,42232,39648,13962,11096,51,0,0,1028802,0,1104,97962,76414,32167,42232,39648,13962,11096,51,0
3,0,989423,0,45,42308,39540,10687,30416,23739,31022,20365,51,0,0,989423,0,44,42308,39540,10687,30416,23739,31022,20365,51,0,0,989423,0,44,42308,39540,10687,30416,23739,31022,20365,51,0,0,989423,0,48,42308,39540,10687,30416,23739,31022,20365,51,0,0,1028802,0,49,97962,76414,32167,42232,39648,13962,11096,51,0,0,1028802,0,84,97962,76414,32167,42232,39648,13962,11096,51,0,0,1028802,0,-1105,97962,76414,32167,42232,39648,13962,11096,51,0,0,1028802,0,-2048,97962,76414,32167,42232,39648,13962,11096,51,0,0,1028802,0,1104,97962,76414,32167,42232,39648,13962,11096,51,0,0,1028802,0,185,97962,76414,32167,42232,39648,13962,11096,51,0
3,0,989423,0,44,42308,39540,10687,30416,23739,31022,20365,51,0,0,989423,0,44,42308,39540,10687,30416,23739,31022,20365,51,0,0,989423,0,48,42308,39540,10687,30416,23739,31022,20365,51,0,0,1028802,0,49,97962,76414,32167,42232,39648,13962,11096,51,0,0,1028802,0,84,97962,76414,32167,42232,39648,13962,11096,51,0,0,1028802,0,-1105,97962,76414,32167,42232,39648,13962,11096,51,0,0,1028802,0,-2048,97962,76414,32167,42232,39648,13962,11096,51,0,0,1028802,0,1104,97962,76414,32167,42232,39648,13962,11096,51,0,0,1028802,0,185,97962,76414,32167,42232,39648,13962,11096,51,0,0,1028802,0,61,97962,76414,32167,42232,39648,13962,11096,51,0
3,0,989423,0,44,42308,39540,10687,30416,23739,31022,20365,51,0,0,989423,0,48,42308,39540,10687,30416,23739,31022,20365,51,0,0,1028802,0,49,97962,76414,32167,42232,39648,13962,11096,51,0,0,1028802,0,84,97962,76414,32167,42232,39648,13962,11096,51,0,0,1028802,0,-1105,97962,76414,32167,42232,39648,13962,11096,51,0,0,1028802,0,-2048,97962,76414,32167,42232,39648,13962,11096,51,0,0,1028802,0,1104,97962,76414,32167,42232,39648,13962,11096,51,0,0,1028802,0,185,97962,76414,32167,42232,39648,13962,11096,51,0,0,1028802,0,61,97962,76414,32167,42232,39648,13962,11096,51,0,0,1028802,0,48,97962,76414,32167,42232,39648,13962,11096,51,0
3,0,989423,0,48,42308,39540,10687,30416,23739,31022,20365,51,0,0,1028802,0,49,97962,76414,32167,42232,39648,13962,11096,51,0,0,1028802,0,84,97962,76414,32167,42232,39648,13962,11096,51,0,0,1028802,0,-1105,97962,76414,32167,42232,39648,13962,11096,51,0,0,1028802,0,-2048,97962,76414,32167,42232,39648,13962,11096,51,0,0,1028802,0,1104,97962,76414,32167,42232,39648,13962,11096,51,0,0,1028802,0,185,97962,76414,32167,42232,39648,13962,11096,51,0,0,1028802,0,61,97962,76414,32167,42232,39648,13962,11096,51,0,0,1028802,0,48,97962,76414,32167,42232,39648,13962,11096,51,0,0,1028802,0,44,97962,76414,32167,42232,39648,13962,11096,51,0
3,0,1028802,0,49,97962,76414,32167,42232,39648,13962,11096,51,0,0,1028802,0,84,97962,76414,32167,42232,39648,13962,11096,51,0,0,1028802,0,-1105,97962,76414,32167,42232,39648,13962,11096,51,0,0,1028802,0,-2048,97962,76414,32167,42232,39648,13962,11096,51,0,0,1028802,0,1104,97962,76414,32167,42232,39648,13962,11096,51,0,0,1028802,0,185,97962,76414,32167,42232,39648,13962,11096,51,0,0,1028802,0,61,97962,76414,32167,42232,39648,13962,11096,51,0,0,1028802,0,48,97962,76414,32167,42232,39648,13962,11096,51,0,0,1028802,0,44,97962,76414,32167,42232,39648,13962,11096,51,0,0,1028802,0,-1674,97962,76414,32167,42232,39648,13962,11096,51,0
3,0,1028802,0,84,97962,76414,32167,42232,39648,13962,11096,51,0,0,1028802,0,-1105,97962,76414,32167,42232,39648,13962,11096,51,0,0,1028802,0,-2048,97962,76414,32167,42232,39648,13962,11096,51,0,0,1028802,0,1104,97962,76414,32167,42232,39648,13962,11096,51,0,0,1028802,0,185,97962,76414,32167,42232,39648,13962,11096,51,0,0,1028802,0,61,97962,76414,32167,42232,39648,13962,11096,51,0,0,1028802,0,48,97962,76414,32167,42232,39648,13962,11096,51,0,0,1028802,0,44,97962,76414,32167,42232,39648,13962,11096,51,0,0,1028802,0,-1674,97962,76414,32167,42232,39648,13962,11096,51,0,0,1433012,0,2047,1236824,369137,701188,147454,525114,208759,659824,51,0
3,0,1028802,0,-1105,97962,76414,32167,42232,39648,13962,11096,51,0,0,1028802,0,-2048,97962,76414,32167,42232,39648,13962,11096,51,0,0,1028802,0,1104,97962,76414,32167,42232,39648,13962,11096,51,0,0,1028802,0,185,97962,76414,32167,42232,39648,13962,11096,51,0,0,1028802,0,61,97962,76414,32167,42232,39648,13962,11096,51,0,0,1028802,0,48,97962,76414,32167,42232,39648,13962,11096,51,0,0,1028802,0,44,97962,76414,32167,42232,39648,13962,11096,51,0,0,1028802,0,-1674,97962,76414,32167,42232,39648,13962,11096,51,0,0,1433012,0,2047,1236824,369137,701188,147454,525114,208759,659824,51,0,0,1433012,0,876,1236824,369137,701188,147454,525114,208759,659824,51,0
3,0,1028802,0,-2048,97962,76414,32167,42232,39648,13962,11096,51,0,0,1028802,0,1104,97962,76414,32167,42232,39648,13962,11096,51,0,0,1028802,0,185,97962,76414,32167,42232,39648,13962,11096,51,0,0,1028802,0,61,97962,76414,32167,42232,39648,13962,11096,51,0,0,1028802,0,48,97962,76414,32167,42232,39648,13962,11096,51,0,0,1028802,0,44,97962,76414,32167,42232,39648,13962,11096,51,0,0,1028802,0,-1674,97962,76414,32167,42232,39648,13962,11096,51,0,0,1433012,0,2047,1236824,369137,701188,147454,525114,208759,659824,51,0,0,1433012,0,876,1236824,369137,701188,147454,525114,208759,659824,51,0,0,1433012,0,-2048,1236824,369137,701188,147454,525114,208759,659824,51,0
3,0,1028802,0,1104,97962,76414,32167,42232,39648,13962,11096,51,0,0,1028802,0,185,97962,76414,32167,42232,39648,13962,11096,51,0,0,1028802,0,61,97962,76414,32167,42232,39648,13962,11096,51,0,0,1028802,0,48,97962,76414,32167,42232,39648,13962,11096,51,0,0,1028802,0,44,97962,76414,32167,42232,39648,13962,11096,51,0,0,1028802,0,-1674,97962,76414,32167,42232,39648,13962,11096,51,0,0,1433012,0,2047,1236824,369137,701188,147454,525114,208759,659824,51,0,0,1433012,0,876,1236824,369137,701188,147454,525114,208759,659824,51,0,0,1433012,0,-2048,1236824,369137,701188,147454,525114,208759,659824,51,0,0,1433012,0,-684,1236824,369137,701188,147454,525114,208759,659824,51,0
3,0,1028802,0,185,97962,76414,32167,42232,39648,13962,11096,51,0,0,1028802,0,61,97962,76414,32167,42232,39648,13962,11096,51,0,0,1028802,0,48,97962,76414,32167,42232,39648,13962,11096,51,0,0,1028802,0,44,97962,76414,32167,42232,39648,13962,11096,51,0,0,1028802,0,-1674,97962,76414,32167,42232,39648,13962,11096,51,0,0,1433012,0,2047,1236824,369137,701188,147454,525114,208759,659824,51,0,0,1433012,0,876,1236824,369137,701188,147454,525114,208759,659824,51,0,0,1433012,0,-2048,1236824,369137,701188,147454,525114,208759,659824,51,0,0,1433012,0,-684,1236824,369137,701188,147454,525114,208759,659824,51,0,0,1433012,0,2047,1236824,369137,701188,147454,525114,208759,659824,51,0
3,0,1028802,0,61,97962,76414,32167,42232,39648,13962,11096,51,0,0,1028802,0,48,97962,76414,32167,42232,39648,13962,11096,51,0,0,1028802,0,44,97962,76414,32167,42232,39648,13962,11096,51,0,0,1028802,0,-1674,97962,76414,32167,42232,39648,13962,11096,51,0,0,1433012,0,2047,1236824,369137,701188,147454,525114,208759,659824,51,0,0,1433012,0,876,1236824,369137,701188,147454,525114,208759,659824,51,0,0,1433012,0,-2048,1236824,369137,701188,147454,525114,208759,659824,51,0,0,1433012,0,-684,1236824,369137,701188,147454,525114,208759,659824,51,0,0,1433012,0,2047,1236824,369137,701188,147454,525114,208759,659824,51,0,0,1433012,0,507,1236824,369137,701188,147454,525114,208759,659824,51,0
3,0,1028802,0,48,97962,76414,32167,42232,39648,13962,11096,51,0,0,1028802,0,44,97962,76414,32167,42232,39648,13962,11096,51,0,0,1028802,0,-1674,97962,76414,32167,42232,39648,13962,11096,51,0,0,1433012,0,2047,1236824,369137,701188,147454,525114,208759,659824,51,0,0,1433012,0,876,1236824,369137,701188,147454,525114,208759,659824,51,0,0,1433012,0,-2048,1236824,369137,701188,147454,525114,208759,659824,51,0,0,1433012,0,-684,1236824,369137,701188,147454,525114,208759,659824,51,0,0,1433012,0,2047,1236824,369137,701188,147454,525114,208759,659824,51,0,0,1433012,0,507,1236824,369137,701188,147454,525114,208759,659824,51,0,0,1433012,0,117,1236824,369137,701188,147454,525114,208759,659824,51,0
3,0,1028802,0,44,97962,76414,32167,42232,39648,13962,11096,51,0,0,1028802,0,-1674,97962,76414,32167,42232,39648,13962,11096,51,0,0,1433012,0,2047,1236824,369137,701188,147454,525114,208759,659824,51,0,0,1433012,0,876,1236824,369137,701188,147454,525114,208759,659824,51,0,0,1433012,0,-2048,1236824,369137,701188,147454,525114,208759,659824,51,0,0,1433012,0,-684,1236824,369137,701188,147454,525114,208759,659824,51,0,0,1433012,0,2047,1236824,369137,701188,147454,525114,208759,659824,51,0,0,1433012,0,507,1236824,369137,701188,147454,525114,208759,659824,51,0,0,1433012,0,117,1236824,369137,701188,147454,525114,208759,659824,51,0,0,1433012,0,55,1236824,369137,701188,147454,525114,208759,659824,51,0
3,0,1028802,0,-1674,97962,76414,32167,42232,39648,13962,11096,51,0,0,1433012,0,2047,1236824,369137,701188,147454,525114,208759,659824,51,0,0,1433012,0,876,1236824,369137,701188,147454,525114,208759,659824,51,0,0,1433012,0,-2048,1236824,369137,701188,147454,525114,208759,659824,51,0,0,1433012,0,-684,1236824,369137,701188,147454,525114,208759,659824,51,0,0,1433012,0,2047,1236824,369137,701188,147454,525114,208759,659824,51,0,0,1433012,0,507,1236824,369137,701188,147454,525114,208759,659824,51,0,0,1433012,0,117,1236824,369137,701188,147454,525114,208759,659824,51,0,0,1433012,0,55,1236824,369137,701188,147454,525114,208759,659824,51,0,0,1433012,0,45,1236824,369137,701188,147454,525114,208759,659824,51,0
3,0,1433012,0,2047,1236824,369137,701188,147454,525114,208759,659824,51,0,0,1433012,0,876,1236824,369137,701188,147454,525114,208759,659824,51,0,0,1433012,0,-2048,1236824,369137,701188,147454,525114,208759,659824,51,0,0,1433012,0,-684,1236824,369137,701188,147454,525114,208759,659824,51,0,0,1433012,0,2047,1236824,369137,701188,147454,525114,208759,659824,51,0,0,1433012,0,507,1236824,369137,701188,147454,525114,208759,659824,51,0,0,1433012,0,117,1236824,369137,701188,147454,525114,208759,659824,51,0,0,1433012,0,55,1236824,369137,701188,147454,525114,208759,659824,51,0,0,1433012,0,45,1236824,369137,701188,147454,525114,208759,659824,51,0,0,1433012,0,45,1236824,369137,701188,147454,525114,208759,659824,51,0
3,0,1433012,0,876,1236824,369137,701188,147454,525114,208759,659824,51,0,0,1433012,0,-2048,1236824,369137,701188,147454,525114,208759,659824,51,0,0,1433012,0,-684,1236824,369137,701188,147454,525114,208759,659824,51,0,0,1433012,0,2047,1236824,369137,701188,147454,525114,208759,659824,51,0,0,1433012,0,507,1236824,369137,701188,147454,525114,208759,659824,51,0,0,1433012,0,117,1236824,369137,701188,147454,525114,208759,659824,51,0,0,1433012,0,55,1236824,369137,701188,147454,525114,208759,659824,51,0,0,1433012,0,45,1236824,369137,701188,147454,525114,208759,659824,51,0,0,1433012,0,45,1236824,369137,701188,147454,525114,208759,659824,51,0,0,2740327,0,44,257074,753091,435105,193361,84995,63784,80945,51,0
3,0,1433012,0,-2048,1236824,369137,701188,147454,525114,208759,659824,51,0,0,1433012,0,-684,1236824,369137,701188,147454,525114,208759,659824,51,0,0,1433012,0,2047,1236824,369137,701188,147454,525114,208759,659824,51,0,0,1433012,0,507,1236824,369137,701188,147454,525114,208759,659824,51,0,0,1433012,0,117,1236824,369137,701188,147454,525114,208759,659824,51,0,0,1433012,0,55,1236824,369137,701188,147454,525114,208759,659824,51,0,0,1433012,0,45,1236824,369137,701188,147454,525114,208759,659824,51,0,0,1433012,0,45,1236824,369137,701188,147454,525114,208759,659824,51,0,0,2740327,0,44,257074,753091,435105,193361,84995,63784,80945,51,0,0,2740327,0,43,257074,753091,435105,193361,84995,63784,80945,51,0
3,0,1433012,0,-684,1236824,369137,701188,147454,525114,208759,659824,51,0,0,1433012,0,2047,1236824,369137,701188,147454,525114,208759,659824,51,0,0,1433012,0,507,1236824,369137,701188,147454,525114,208759,659824,51,0,0,1433012,0,117,1236824,369137,701188,147454,525114,208759,659824,51,0,0,1433012,0,55,1236824,369137,701188,147454,525114,208759,659824,51,0,0,1433012,0,45,1236824,369137,701188,147454,525114,208759,659824,51,0,0,1433012,0,45,1236824,369137,701188,147454,525114,208759,659824,51,0,0,2740327,0,44,257074,753091,435105,193361,84995,63784,80945,51,0,0,2740327,0,43,257074,753091,435105,193361,84995,63784,80945,51,0,0,2740327,0,74,257074,753091,435105,193361,84995,63784,80945,51,0
3,0,1433012,0,2047,1236824,369137,701188,147454,525114,208759,659824,51,0,0,1433012,0,507,1236824,369137,701188,147454,525114,208759,659824,51,0,0,1433012,0,117,1236824,369137,701188,147454,525114,208759,659824,51,0,0,1433012,0,55,1236824,369137,701188,147454,525114,208759,659824,51,0,0,1433012,0,45,1236824,369137,701188,147454,525114,208759,659824,51,0,0,1433012,0,45,1236824,369137,701188,147454,525114,208759,659824,51,0,0,2740327,0,44,257074,753091,435105,193361,84995,63784,80945,51,0,0,2740327,0,43,257074,753091,435105,193361,84995,63784,80945,51,0,0,2740327,0,74,257074,753091,435105,193361,84995,63784,80945,51,0,0,2740327,0,-346,257074,753091,435105,193361,84995,63784,80945,51,0
3,0,1433012,0,507,1236824,369137,701188,147454,525114,208759,659824,51,0,0,1433012,0,117,1236824,369137,701188,147454,525114,208759,659824,51,0,0,1433012,0,55,1236824,369137,701188,147454,525114,208759,659824,51,0,0,1433012,0,45,1236824,369137,701188,147454,525114,208759,659824,51,0,0,1433012,0,45,1236824,369137,701188,147454,525114,208759,659824,51,0,0,2740327,0,44,257074,753091,435105,193361,84995,63784,80945,51,0,0,2740327,0,43,257074,753091,435105,193361,84995,63784,80945,51,0,0,2740327,0,74,257074,753091,435105,193361,84995,63784,80945,51,0,0,2740327,0,-346,257074,753091,435105,193361,84995,63784,80945,51,0,0,2740327,0,1494,257074,753091,435105,193361,84995,63784,80945,51,0
3,0,1433012,0,117,1236824,369137,701188,147454,525114,208759,659824,51,0,0,1433012,0,55,1236824,369137,701188,147454,525114,208759,659824,51,0,0,1433012,0,45,1236824,369137,701188,147454,525114,208759,659824,51,0,0,1433012,0,45,1236824,369137,701188,147454,525114,208759,659824,51,0,0,2740327,0,44,257074,753091,435105,193361,84995,63784,80945,51,0,0,2740327,0,43,257074,753091,435105,193361,84995,63784,80945,51,0,0,2740327,0,74,257074,753091,435105,193361,84995,63784,80945,51,0,0,2740327,0,-346,257074,753091,435105,193361,84995,63784,80945,51,0,0,2740327,0,1494,257074,753091,435105,193361,84995,63784,80945,51,0,0,2740327,0,262,257074,753091,435105,193361,84995,63784,80945,51,0
3,0,1433012,0,55,1236824,369137,701188,147454,525114,208759,659824,51,0,0,1433012,0,45,1236824,369137,701188,147454,525114,208759,659824,51,0,0,1433012,0,45,1236824,369137,701188,147454,525114,208759,659824,51,0,0,2740327,0,44,257074,753091,435105,193361,84995,63784,80945,51,0,0,2740327,0,43,257074,753091,435105,193361,84995,63784,80945,51,0,0,2740327,0,74,257074,753091,435105,193361,84995,63784,80945,51,0,0,2740327,0,-346,257074,753091,435105,193361,84995,63784,80945,51,0,0,2740327,0,1494,257074,753091,435105,193361,84995,63784,80945,51,0,0,2740327,0,262,257074,753091,435105,193361,84995,63784,80945,51,0,0,2740327,0,80,257074,753091,435105,193361,84995,63784,80945,51,0
3,0,1433012,0,45,1236824,369137,701188,147454,525114,208759,659824,51,0,0,1433012,0,45,1236824,369137,701188,147454,525114,208759,659824,51,0,0,2740327,0,44,257074,753091,435105,193361,84995,63784,80945,51,0,0,2740327,0,43,257074,753091,435105,193361,84995,63784,80945,51,0,0,2740327,0,74,257074,753091,435105,193361,84995,63784,80945,51,0,0,2740327,0,-346,257074,753091,435105,193361,84995,63784,80945,51,0,0,2740327,0,1494,257074,753091,435105,193361,84995,63784,80945,51,0,0,2740327,0,262,257074,753091,435105,193361,84995,63784,80945,51,0,0,2740327,0,80,257074,753091,435105,193361,84995,63784,80945,51,0,0,2740327,0,50,257074,753091,435105,193361,84995,63784,80945,51,0
3,0,1433012,0,45,1236824,369137,701188,147454,525114,208759,659824,51,0,0,2740327,0,44,257074,753091,435105,193361,84995,63784,80945,51,0,0,2740327,0,43,257074,753091,435105,193361,84995,63784,80945,51,0,0,2740327,0,74,257074,753091,435105,193361,84995,63784,80945,51,0,0,2740327,0,-346,257074,753091,435105,193361,84995,63784,80945,51,0,0,2740327,0,1494,257074,753091,435105,193361,84995,63784,80945,51,0,0,2740327,0,262,257074,753091,435105,193361,84995,63784,80945,51,0,0,2740327,0,80,257074,753091,435105,193361,84995,63784,80945,51,0,0,2740327,0,50,257074,753091,435105,193361,84995,63784,80945,51,0,0,2740327,0,44,257074,753091,435105,193361,84995,63784,80945,51,0
3,0,2740327,0,44,257074,753091,435105,193361,84995,63784,80945,51,0,0,2740327,0,43,257074,753091,435105,193361,84995,63784,80945,51,0,0,2740327,0,74,257074,753091,435105,193361,84995,63784,80945,51,0,0,2740327,0,-346,257074,753091,435105,193361,84995,63784,80945,51,0,0,2740327,0,1494,257074,753091,435105,193361,84995,63784,80945,51,0,0,2740327,0,262,257074,753091,435105,193361,84995,63784,80945,51,0,0,2740327,0,80,257074,753091,435105,193361,84995,63784,80945,51,0,0,2740327,0,50,257074,753091,435105,193361,84995,63784,80945,51,0,0,2740327,0,44,257074,753091,435105,193361,84995,63784,80945,51,0,0,739067,0,50,651602,37611,64047,143661,36205,6677,49018,51,0
3,0,2740327,0,43,257074,753091,435105,193361,84995,63784,80945,51,0,0,2740327,0,74,257074,753091,435105,193361,84995,63784,80945,51,0,0,2740327,0,-346,257074,753091,435105,193361,84995,63784,80945,51,0,0,2740327,0,1494,257074,753091,435105,193361,84995,63784,80945,51,0,0,2740327,0,262,257074,753091,435105,193361,84995,63784,80945,51,0,0,2740327,0,80,257074,753091,435105,193361,84995,63784,80945,51,0,0,2740327,0,50,257074,753091,435105,193361,84995,63784,80945,51,0,0,2740327,0,44,257074,753091,435105,193361,84995,63784,80945,51,0,0,739067,0,50,651602,37611,64047,143661,36205,6677,49018,51,0,0,739067,0,232,651602,37611,64047,143661,36205,6677,49018,51,0
3,0,2740327,0,74,257074,753091,435105,193361,84995,63784,80945,51,0,0,2740327,0,-346,257074,753091,435105,193361,84995,63784,80945,51,0,0,2740327,0,1494,257074,753091,435105,193361,84995,63784,80945,51,0,0,2740327,0,262,257074,753091,435105,193361,84995,63784,80945,51,0,0,2740327,0,80,257074,753091,435105,193361,84995,63784,80945,51,0,0,2740327,0,50,257074,753091,435105,193361,84995,63784,80945,51,0,0,2740327,0,44,257074,753091,435105,193361,84995,63784,80945,51,0,0,739067,0,50,651602,37611,64047,143661,36205,6677,49018,51,0,0,739067,0,232,651602,37611,64047,143661,36205,6677,49018,51,0,0,739067,0,331,651602,37611,64047,143661,36205,6677,49018,51,0
3,0,2740327,0,-346,257074,753091,435105,193361,84995,63784,80945,51,0,0,2740327,0,1494,257074,753091,435105,193361,84995,63784,80945,51,0,0,2740327,0,262,257074,753091,435105,193361,84995,63784,80945,51,0,0,2740327,0,80,257074,753091,435105,193361,84995,63784,80945,51,0,0,2740327,0,50,257074,753091,435105,193361,84995,63784,80945,51,0,0,2740327,0,44,257074,753091,435105,193361,84995,63784,80945,51,0,0,739067,0,50,651602,37611,64047,143661,36205,6677,49018,51,0,0,739067,0,232,651602,37611,64047,143661,36205,6677,49018,51,0,0,739067,0,331,651602,37611,64047,143661,36205,6677,49018,51,0,0,739067,0,97,651602,37611,64047,143661,36205,6677,49018,51,0
3,0,2740327,0,1494,257074,753091,435105,193361,84995,63784,80945,51,0,0,2740327,0,262,257074,753091,435105,193361,84995,63784,80945,51,0,0,2740327,0,80,257074,753091,435105,193361,84995,63784,80945,51,0,0,2740327,0,50,257074,753091,435105,193361,84995,63784,80945,51,0,0,2740327,0,44,257074,753091,435105,193361,84995,63784,80945,51,0,0,739067,0,50,651602,37611,64047,143661,36205,6677,49018,51,0,0,739067,0,232,651602,37611,64047,143661,36205,6677,49018,51,0,0,739067,0,331,651602,37611,64047,143661,36205,6677,49018,51,0,0,739067,0,97,651602,37611,64047,143661,36205,6677,49018,51,0,0,739067,0,51,651602,37611,64047,143661,36205,6677,49018,51,0
3,0,2740327,0,262,257074,753091,435105,193361,84995,63784,80945,51,0,0,2740327,0,80,257074,753091,435105,193361,84995,63784,80945,51,0,0,2740327,0,50,257074,753091,435105,193361,84995,63784,80945,51,0,0,2740327,0,44,257074,753091,435105,193361,84995,63784,80945,51,0,0,739067,0,50,651602,37611,64047,143661,36205,6677,49018,51,0,0,739067,0,232,651602,37611,64047,143661,36205,6677,49018,51,0,0,739067,0,331,651602,37611,64047,143661,36205,6677,49018,51,0,0,739067,0,97,651602,37611,64047,143661,36205,6677,49018,51,0,0,739067,0,51,651602,37611,64047,143661,36205,6677,49018,51,0,0,739067,0,-247,651602,37611,64047,143661,36205,6677,49018,51,0
3,0,2740327,0,80,257074,753091,435105,193361,84995,63784,80945,51,0,0,2740327,0,50,257074,753091,435105,193361,84995,63784,80945,51,0,0,2740327,0,44,257074,753091,435105,193361,84995,63784,80945,51,0,0,739067,0,50,651602,37611,64047,143661,36205,6677,49018,51,0,0,739067,0,232,651602,37611,64047,143661,36205,6677,49018,51,0,0,739067,0,331,651602,37611,64047,143661,36205,6677,49018,51,0,0,739067,0,97,651602,37611,64047,143661,36205,6677,49018,51,0,0,739067,0,51,651602,37611,64047,143661,36205,6677,49018,51,0,0,739067,0,-247,651602,37611,64047,143661,36205,6677,49018,51,0,0,739067,0,1923,651602,37611,64047,143661,36205,6677,49018,51,0
3,0,2740327,0,50,257074,753091,435105,193361,84995,63784,80945,51,0,0,2740327,0,44,257074,753091,435105,193361,84995,63784,80945,51,0,0,739067,0,50,651602,37611,64047,143661,36205,6677,49018,51,0,0,739067,0,232,651602,37611,64047,143661,36205,6677,49018,51,0,0,739067,0,331,651602,37611,64047,143661,36205,6677,49018,51,0,0,739067,0,97,651602,37611,64047,143661,36205,6677,49018,51,0,0,739067,0,51,651602,37611,64047,143661,36205,6677,49018,51,0,0,739067,0,-247,651602,37611,64047,143661,36205,6677,49018,51,0,0,739067,0,1923,651602,37611,64047,143661,36205,6677,49018,51,0,0,739067,0,338,651602,37611,64047,143661,36205,6677,49018,51,0
3,0,2740327,0,44,257074,753091,435105,193361,84995,63784,80945,51,0,0,739067,0,50,651602,37611,64047,143661,36205,6677,49018,51,0,0,739067,0,232,651602,37611,64047,143661,36205,6677,49018,51,0,0,739067,0,331,651602,37611,64047,143661,36205,6677,49018,51,0,0,739067,0,97,651602,37611,64047,143661,36205,6677,49018,51,0,0,739067,0,51,651602,37611,64047,143661,36205,6677,49018,51,0,0,739067,0,-247,651602,37611,64047,143661,36205,6677,49018,51,0,0,739067,0,1923,651602,37611,64047,143661,36205,6677,49018,51,0,0,739067,0,338,651602,37611,64047,143661,36205,6677,49018,51,0,0,739067,0,89,651602,37611,64047,143661,36205,6677,49018,51,0
3,0,739067,0,50,651602,37611,64047,143661,36205,6677,49018,51,0,0,739067,0,232,651602,37611,64047,143661,36205,6677,49018,51,0,0,739067,0,331,651602,37611,64047,143661,36205,6677,49018,51,0,0,739067,0,97,651602,37611,64047,143661,36205,6677,49018,51,0,0,739067,0,51,651602,37611,64047,143661,36205,6677,49018,51,0,0,739067,0,-247,651602,37611,64047,143661,36205,6677,49018,51,0,0,739067,0,1923,651602,37611,64047,143661,36205,6677,49018,51,0,0,739067,0,338,651602,37611,64047,143661,36205,6677,49018,51,0,0,739067,0,89,651602,37611,64047,143661,36205,6677,49018,51,0,0,739067,0,52,651602,37611,64047,143661,36205,6677,49018,51,0
3,0,739067,0,232,651602,37611,64047,143661,36205,6677,49018,51,0,0,739067,0,331,651602,37611,64047,143661,36205,6677,49018,51,0,0,739067,0,97,651602,37611,64047,143661,36205,6677,49018,51,0,0,739067,0,51,651602,37611,64047,143661,36205,6677,49018,51,0,0,739067,0,-247,651602,37611,64047,143661,36205,6677,49018,51,0,0,739067,0,1923,651602,37611,64047,143661,36205,6677,49018,51,0,0,739067,0,338,651602,37611,64047,143661,36205,6677,49018,51,0,0,739067,0,89,651602,37611,64047,143661,36205,6677,49018,51,0,0,739067,0,52,651602,37611,64047,143661,36205,6677,49018,51,0,0,750630,0,49,331910,16285,15290,10806,13776,7456,73504,51,0
3,0,739067,0,331,651602,37611,64047,143661,36205,6677,49018,51,0,0,739067,0,97,651602,37611,64047,143661,36205,6677,49018,51,0,0,739067,0,51,651602,37611,64047,143661,36205,6677,49018,51,0,0,739067,0,-247,651602,37611,64047,143661,36205,6677,49018,51,0,0,739067,0,1923,651602,37611,64047,143661,36205,6677,49018,51,0,0,739067,0,338,651602,37611,64047,143661,36205,6677,49018,51,0,0,739067,0,89,651602,37611,64047,143661,36205,6677,49018,51,0,0,739067,0,52,651602,37611,64047,143661,36205,6677,49018,51,0,0,750630,0,49,331910,16285,15290,10806,13776,7456,73504,51,0,0,750630,0,124,331910,16285,15290,10806,13776,7456,73504,51,0
3,0,739067,0,97,651602,37611,64047,143661,36205,6677,49018,51,0,0,739067,0,51,651602,37611,64047,143661,36205,6677,49018,51,0,0,739067,0,-247,651602,37611,64047,143661,36205,6677,49018,51,0,0,739067,0,1923,651602,37611,64047,143661,36205,6677,49018,51,0,0,739067,0,338,651602,37611,64047,143661,36205,6677,49018,51,0,0,739067,0,89,651602,37611,64047,143661,36205,6677,49018,51,0,0,739067,0,52,651602,37611,64047,143661,36205,6677,49018,51,0,0,750630,0,49,331910,16285,15290,10806,13776,7456,73504,51,0,0,750630,0,124,331910,16285,15290,10806,13776,7456,73504,51,0,0,750630,0,106,331910,16285,15290,10806,13776,7456,73504,51,0
3,0,739067,0,51,651602,37611,64047,143661,36205,6677,49018,51,0,0,739067,0,-247,651602,37611,64047,143661,36205,6677,49018,51,0,0,739067,0,1923,651602,37611,64047,143661,36205,6677,49018,51,0,0,739067,0,338,651602,37611,64047,143661,36205,6677,49018,51,0,0,739067,0,89,651602,37611,64047,143661,36205,6677,49018,51,0,0,739067,0,52,651602,37611,64047,143661,36205,6677,49018,51,0,0,750630,0,49,331910,16285,15290,10806,13776,7456,73504,51,0,0,750630,0,124,331910,16285,15290,10806,13776,7456,73504,51,0,0,750630,0,106,331910,16285,15290,10806,13776,7456,73504,51,0,0,750630,0,54,331910,16285,15290,10806,13776,7456,73504,51,0
3,0,739067,0,-247,651602,37611,64047,143661,36205,6677,49018,51,0,0,739067,0,1923,651602,37611,64047,143661,36205,6677,49018,51,0,0,739067,0,338,651602,37611,64047,143661,36205,6677,49018,51,0,0,739067,0,89,651602,37611,64047,143661,36205,6677,49018,51,0,0,739067,0,52,651602,37611,64047,143661,36205,6677,49018,51,0,0,750630,0,49,331910,16285,15290,10806,13776,7456,73504,51,0,0,750630,0,124,331910,16285,15290,10806,13776,7456,73504,51,0,0,750630,0,106,331910,16285,15290,10806,13776,7456,73504,51,0,0,750630,0,54,331910,16285,15290,10806,13776,7456,73504,51,0,0,750630,0,-2048,331910,16285,15290,10806,13776,7456,73504,51,0
3,0,739067,0,1923,651602,37611,64047,143661,36205,6677,49018,51,0,0,739067,0,338,651602,37611,64047,143661,36205,6677,49018,51,0,0,739067,0,89,651602,37611,64047,143661,36205,6677,49018,51,0,0,739067,0,52,651602,37611,64047,143661,36205,6677,49018,51,0,0,750630,0,49,331910,16285,15290,10806,13776,7456,73504,51,0,0,750630,0,124,331910,16285,15290,10806,13776,7456,73504,51,0,0,750630,0,106,331910,16285,15290,10806,13776,7456,73504,51,0,0,750630,0,54,331910,16285,15290,10806,13776,7456,73504,51,0,0,750630,0,-2048,331910,16285,15290,10806,13776,7456,73504,51,0,0,750630,0,2047,331910,16285,15290,10806,13776,7456,73504,51,0
3,0,739067,0,338,651602,37611,64047,143661,36205,6677,49018,51,0,0,739067,0,89,651602,37611,64047,143661,36205,6677,49018,51,0,0,739067,0,52,651602,37611,64047,143661,36205,6677,49018,51,0,0,750630,0,49,331910,16285,15290,10806,13776,7456,73504,51,0,0,750630,0,124,331910,16285,15290,10806,13776,7456,73504,51,0,0,750630,0,106,331910,16285,15290,10806,13776,7456,73504,51,0,0,750630,0,54,331910,16285,15290,10806,13776,7456,73504,51,0,0,750630,0,-2048,331910,16285,15290,10806,13776,7456,73504,51,0,0,750630,0,2047,331910,16285,15290,10806,13776,7456,73504,51,0,0,750630,0,-939,331910,16285,15290,10806,13776,7456,73504,51,0
3,0,739067,0,89,651602,37611,64047,143661,36205,6677,49018,51,0,0,739067,0,52,651602,37611,64047,143661,36205,6677,49018,51,0,0,750630,0,49,331910,16285,15290,10806,13776,7456,73504,51,0,0,750630,0,124,331910,16285,15290,10806,13776,7456,73504,51,0,0,750630,0,106,331910,16285,15290,10806,13776,7456,73504,51,0,0,750630,0,54,331910,16285,15290,10806,13776,7456,73504,51,0,0,750630,0,-2048,331910,16285,15290,10806,13776,7456,73504,51,0,0,750630,0,2047,331910,16285,15290,10806,13776,7456,73504,51,0,0,750630,0,-939,331910,16285,15290,10806,13776,7456,73504,51,0,0,750630,0,760,331910,16285,15290,10806,13776,7456,73504,51,0
3,0,739067,0,52,651602,37611,64047,143661,36205,6677,49018,51,0,0,750630,0,49,331910,16285,15290,10806,13776,7456,73504,51,0,0,750630,0,124,331910,16285,15290,10806,13776,7456,73504,51,0,0,750630,0,106,331910,16285,15290,10806,13776,7456,73504,51,0,0,750630,0,54,331910,16285,15290,10806,13776,7456,73504,51,0,0,750630,0,-2048,331910,16285,15290,10806,13776,7456,73504,51,0,0,750630,0,2047,331910,16285,15290,10806,13776,7456,73504,51,0,0,750630,0,-939,331910,16285,15290,10806,13776,7456,73504,51,0,0,750630,0,760,331910,16285,15290,10806,13776,7456,73504,51,0,0,750630,0,1077,331910,16285,15290,10806,13776,7456,73504,51,0
3,0,750630,0,49,331910,16285,15290,10806,13776,7456,73504,51,0,0,750630,0,124,331910,16285,15290,10806,13776,7456,73504,51,0,0,750630,0,106,331910,16285,15290,10806,13776,7456,73504,51,0,0,750630,0,54,331910,16285,15290,10806,13776,7456,73504,51,0,0,750630,0,-2048,331910,16285,15290,10806,13776,7456,73504,51,0,0,750630,0,2047,331910,16285,15290,10806,13776,7456,73504,51,0,0,750630,0,-939,331910,16285,15290,10806,13776,7456,73504,51,0,0,750630,0,760,331910,16285,15290,10806,13776,7456,73504,51,0,0,750630,0,1077,331910,16285,15290,10806,13776,7456,73504,51,0,0,750630,0,203,331910,16285,15290,10806,13776,7456,73504,51,0
3,0,750630,0,124,331910,16285,15290,10806,13776,7456,73504,51,0,0,750630,0,106,331910,16285,15290,10806,13776,7456,73504,51,0,0,750630,0,54,331910,16285,15290,10806,13776,7456,73504,51,0,0,750630,0,-2048,331910,16285,15290,10806,13776,7456,73504,51,0,0,750630,0,2047,331910,16285,15290,10806,13776,7456,73504,51,0,0,750630,0,-939,331910,16285,15290,10806,13776,7456,73504,51,0,0,750630,0,760,331910,16285,15290,10806,13776,7456,73504,51,0,0,750630,0,1077,331910,16285,15290,10806,13776,7456,73504,51,0,0,750630,0,203,331910,16285,15290,10806,13776,7456,73504,51,0,0,1449937,0,67,324015,208309,147126,115452,410797,262941,152490,51,0
3,0,750630,0,106,331910,16285,15290,10806,13776,7456,73504,51,0,0,750630,0,54,331910,16285,15290,10806,13776,7456,73504,51,0,0,750630,0,-2048,331910,16285,15290,10806,13776,7456,73504,51,0,0,750630,0,2047,331910,16285,15290,10806,13776,7456,73504,51,0,0,750630,0,-939,331910,16285,15290,10806,13776,7456,73504,51,0,0,750630,0,760,331910,16285,15290,10806,13776,7456,73504,51,0,0,750630,0,1077,331910,16285,15290,10806,13776,7456,73504,51,0,0,750630,0,203,331910,16285,15290,10806,13776,7456,73504,51,0,0,1449937,0,67,324015,208309,147126,115452,410797,262941,152490,51,0,0,1449937,0,52,324015,208309,147126,115452,410797,262941,152490,51,0
3,0,750630,0,54,331910,16285,15290,10806,13776,7456,73504,51,0,0,750630,0,-2048,331910,16285,15290,10806,13776,7456,73504,51,0,0,750630,0,2047,331910,16285,15290,10806,13776,7456,73504,51,0,0,750630,0,-939,331910,16285,15290,10806,13776,7456,73504,51,0,0,750630,0,760,331910,16285,15290,10806,13776,7456,73504,51,0,0,750630,0,1077,331910,16285,15290,10806,13776,7456,73504,51,0,0,750630,0,203,331910,16285,15290,10806,13776,7456,73504,51,0,0,1449937,0,67,324015,208309,147126,115452,410797,262941,152490,51,0,0,1449937,0,52,324015,208309,147126,115452,410797,262941,152490,51,0,0,1449937,0,-2048,324015,208309,147126,115452,410797,262941,152490,51,0
3,0,750630,0,-2048,331910,16285,15290,10806,13776,7456,73504,51,0,0,750630,0,2047,331910,16285,15290,10806,13776,7456,73504,51,0,0,750630,0,-939,331910,16285,15290,10806,13776,7456,73504,51,0,0,750630,0,760,331910,16285,15290,10806,13776,7456,73504,51,0,0,750630,0,1077,331910,16285,15290,10806,13776,7456,73504,51,0,0,750630,0,203,331910,16285,15290,10806,13776,7456,73504,51,0,0,1449937,0,67,324015,208309,147126,115452,410797,262941,152490,51,0,0,1449937,0,52,324015,208309,147126,115452,410797,262941,152490,51,0,0,1449937,0,-2048,324015,208309,147126,115452,410797,262941,152490,51,0,0,1449937,0,2047,324015,208309,147126,115452,410797,262941,152490,51,0
3,0,750630,0,2047,331910,16285,15290,10806,13776,7456,73504,51,0,0,750630,0,-939,331910,16285,15290,10806,13776,7456,73504,51,0,0,750630,0,760,331910,16285,15290,10806,13776,7456,73504,51,0,0,750630,0,1077,331910,16285,15290,10806,13776,7456,73504,51,0,0,750630,0,203,331910,16285,15290,10806,13776,7456,73504,51,0,0,1449937,0,67,324015,208309,147126,115452,410797,262941,152490,51,0,0,1449937,0,52,324015,208309,147126,115452,410797,262941,152490,51,0,0,1449937,0,-2048,324015,208309,147126,115452,410797,262941,152490,51,0,0,1449937,0,2047,324015,208309,147126,115452,410797,262941,152490,51,0,0,1449937,0,551,324015,208309,147126,115452,410797,262941,152490,51,0
3,0,750630,0,-939,331910,16285,15290,10806,13776,7456,73504,51,0,0,750630,0,760,331910,16285,15290,10806,13776,7456,73504,51,0,0,750630,0,1077,331910,16285,15290,10806,13776,7456,73504,51,0,0,750630,0,203,331910,16285,15290,10806,13776,7456,73504,51,0,0,1449937,0,67,324015,208309,147126,115452,410797,262941,152490,51,0,0,1449937,0,52,324015,208309,147126,115452,410797,262941,152490,51,0,0,1449937,0,-2048,324015,208309,147126,115452,410797,262941,152490,51,0,0,1449937,0,2047,324015,208309,147126,115452,410797,262941,152490,51,0,0,1449937,0,551,324015,208309,147126,115452,410797,262941,152490,51,0,0,1449937,0,-1921,324015,208309,147126,115452,410797,262941,152490,51,0
3,0,750630,0,760,331910,16285,15290,10806,13776,7456,73504,51,0,0,750630,0,1077,331910,16285,15290,10806,13776,7456,73504,51,0,0,750630,0,203,331910,16285,15290,10806,13776,7456,73504,51,0,0,1449937,0,67,324015,208309,147126,115452,410797,262941,152490,51,0,0,1449937,0,52,324015,208309,147126,115452,410797,262941,152490,51,0,0,1449937,0,-2048,324015,208309,147126,115452,410797,262941,152490,51,0,0,1449937,0,2047,324015,208309,147126,115452,410797,262941,152490,51,0,0,1449937,0,551,324015,208309,147126,115452,410797,262941,152490,51,0,0,1449937,0,-1921,324015,208309,147126,115452,410797,262941,152490,51,0,0,1449937,0,1304,324015,208309,147126,115452,410797,262941,152490,51,0
3,0,750630,0,1077,331910,16285,15290,10806,13776,7456,73504,51,0,0,750630,0,203,331910,16285,15290,10806,13776,7456,73504,51,0,0,1449937,0,67,324015,208309,147126,115452,410797,262941,152490,51,0,0,1449937,0,52,324015,208309,147126,115452,410797,262941,152490,51,0,0,1449937,0,-2048,324015,208309,147126,115452,410797,262941,152490,51,0,0,1449937,0,2047,324015,208309,147126,115452,410797,262941,152490,51,0,0,1449937,0,551,324015,208309,147126,115452,410797,262941,152490,51,0,0,1449937,0,-1921,324015,208309,147126,115452,410797,262941,152490,51,0,0,1449937,0,1304,324015,208309,147126,115452,410797,262941,152490,51,0,0,1449937,0,2047,324015,208309,147126,115452,410797,262941,152490,51,0
3,0,750630,0,203,331910,16285,15290,10806,13776,7456,73504,51,0,0,1449937,0,67,324015,208309,147126,115452,410797,262941,152490,51,0,0,1449937,0,52,324015,208309,147126,115452,410797,262941,152490,51,0,0,1449937,0,-2048,324015,208309,147126,115452,410797,262941,152490,51,0,0,1449937,0,2047,324015,208309,147126,115452,410797,262941,152490,51,0,0,1449937,0,551,324015,208309,147126,115452,410797,262941,152490,51,0,0,1449937,0,-1921,324015,208309,147126,115452,410797,262941,152490,51,0,0,1449937,0,1304,324015,208309,147126,115452,410797,262941,152490,51,0,0,1449937,0,2047,324015,208309,147126,115452,410797,262941,152490,51,0,0,1449937,0,339,324015,208309,147126,115452,410797,262941,152490,51,0
3,0,1449937,0,67,324015,208309,147126,115452,410797,262941,152490,51,0,0,1449937,0,52,324015,208309,147126,115452,410797,262941,152490,51,0,0,1449937,0,-2048,324015,208309,147126,115452,410797,262941,152490,51,0,0,1449937,0,2047,324015,208309,147126,115452,410797,262941,152490,51,0,0,1449937,0,551,324015,208309,147126,115452,410797,262941,152490,51,0,0,1449937,0,-1921,324015,208309,147126,115452,410797,262941,152490,51,0,0,1449937,0,1304,324015,208309,147126,115452,410797,262941,152490,51,0,0,1449937,0,2047,324015,208309,147126,115452,410797,262941,152490,51,0,0,1449937,0,339,324015,208309,147126,115452,410797,262941,152490,51,0,0,1449937,0,248,324015,208309,147126,115452,410797,262941,152490,51,0
3,0,1449937,0,52,324015,208309,147126,115452,410797,262941,152490,51,0,0,1449937,0,-2048,324015,208309,147126,115452,410797,262941,152490,51,0,0,1449937,0,2047,324015,208309,147126,115452,410797,262941,152490,51,0,0,1449937,0,551,324015,208309,147126,115452,410797,262941,152490,51,0,0,1449937,0,-1921,324015,208309,147126,115452,410797,262941,152490,51,0,0,1449937,0,1304,324015,208309,147126,115452,410797,262941,152490,51,0,0,1449937,0,2047,324015,208309,147126,115452,410797,262941,152490,51,0,0,1449937,0,339,324015,208309,147126,115452,410797,262941,152490,51,0,0,1449937,0,248,324015,208309,147126,115452,410797,262941,152490,51,0,0,445940,0,83,143273,69433,59512,22712,132555,49420,26936,51,0
3,0,1449937,0,-2048,324015,208309,147126,115452,410797,262941,152490,51,0,0,1449937,0,2047,324015,208309,147126,115452,410797,262941,152490,51,0,0,1449937,0,551,324015,208309,147126,115452,410797,262941,152490,51,0,0,1449937,0,-1921,324015,208309,147126,115452,410797,262941,152490,51,0,0,1449937,0,1304,324015,208309,147126,115452,410797,262941,152490,51,0,0,1449937,0,2047,324015,208309,147126,115452,410797,262941,152490,51,0,0,1449937,0,339,324015,208309,147126,115452,410797,262941,152490,51,0,0,1449937,0,248,324015,208309,147126,115452,410797,262941,152490,51,0,0,445940,0,83,143273,69433,59512,22712,132555,49420,26936,51,0,0,445940,0,53,143273,69433,59512,22712,132555,49420,26936,51,0
3,0,1449937,0,2047,324015,208309,147126,115452,410797,262941,152490,51,0,0,1449937,0,551,324015,208309,147126,115452,410797,262941,152490,51,0,0,1449937,0,-1921,324015,208309,147126,115452,410797,262941,152490,51,0,0,1449937,0,1304,324015,208309,147126,115452,410797,262941,152490,51,0,0,1449937,0,2047,324015,208309,147126,115452,410797,262941,152490,51,0,0,1449937,0,339,324015,208309,147126,115452,410797,262941,152490,51,0,0,1449937,0,248,324015,208309,147126,115452,410797,262941,152490,51,0,0,445940,0,83,143273,69433,59512,22712,132555,49420,26936,51,0,0,445940,0,53,143273,69433,59512,22712,132555,49420,26936,51,0,0,445940,0,466,143273,69433,59512,22712,132555,49420,26936,51,0
3,0,1449937,0,551,324015,208309,147126,115452,410797,262941,152490,51,0,0,1449937,0,-1921,324015,208309,147126,115452,410797,262941,152490,51,0,0,1449937,0,1304,324015,208309,147126,115452,410797,262941,152490,51,0,0,1449937,0,2047,324015,208309,147126,115452,410797,262941,152490,51,0,0,1449937,0,339,324015,208309,147126,115452,410797,262941,152490,51,0,0,1449937,0,248,324015,208309,147126,115452,410797,262941,152490,51,0,0,445940,0,83,143273,69433,59512,22712,132555,49420,26936,51,0,0,445940,0,53,143273,69433,59512,22712,132555,49420,26936,51,0,0,445940,0,466,143273,69433,59512,22712,132555,49420,26936,51,0,0,445940,0,-1431,143273,69433,59512,22712,132555,49420,26936,51,0
3,0,1449937,0,-1921,324015,208309,147126,115452,410797,262941,152490,51,0,0,1449937,0,1304,324015,208309,147126,115452,410797,262941,152490,51,0,0,1449937,0,2047,324015,208309,147126,115452,410797,262941,152490,51,0,0,1449937,0,339,324015,208309,147126,115452,410797,262941,152490,51,0,0,1449937,0,248,324015,208309,147126,115452,410797,262941,152490,51,0,0,445940,0,83,143273,69433,59512,22712,132555,49420,26936,51,0,0,445940,0,53,143273,69433,59512,22712,132555,49420,26936,51,0,0,445940,0,466,143273,69433,59512,22712,132555,49420,26936,51,0,0,445940,0,-1431,143273,69433,59512,22712,132555,49420,26936,51,0,0,445940,0,1212,143273,69433,59512,22712,132555,49420,26936,51,0
3,0,1449937,0,1304,324015,208309,147126,115452,410797,262941,152490,51,0,0,1449937,0,2047,324015,208309,147126,115452,410797,262941,152490,51,0,0,1449937,0,339,324015,208309,147126,115452,410797,262941,152490,51,0,0,1449937,0,248,324015,208309,147126,115452,410797,262941,152490,51,0,0,445940,0,83,143273,69433,59512,22712,132555,49420,26936,51,0,0,445940,0,53,143273,69433,59512,22712,132555,49420,26936,51,0,0,445940,0,466,143273,69433,59512,22712,132555,49420,26936,51,0,0,445940,0,-1431,143273,69433,59512,22712,132555,49420,26936,51,0,0,445940,0,1212,143273,69433,59512,22712,132555,49420,26936,51,0,0,445940,0,200,143273,69433,59512,22712,132555,49420,26936,51,0
3,0,1449937,0,2047,324015,208309,147126,115452,410797,262941,152490,51,0,0,1449937,0,339,324015,208309,147126,115452,410797,262941,152490,51,0,0,1449937,0,248,324015,208309,147126,115452,410797,262941,152490,51,0,0,445940,0,83,143273,69433,59512,22712,132555,49420,26936,51,0,0,445940,0,53,143273,69433,59512,22712,132555,49420,26936,51,0,0,445940,0,466,143273,69433,59512,22712,132555,49420,26936,51,0,0,445940,0,-1431,143273,69433,59512,22712,132555,49420,26936,51,0,0,445940,0,1212,143273,69433,59512,22712,132555,49420,26936,51,0,0,445940,0,200,143273,69433,59512,22712,132555,49420,26936,51,0,0,445940,0,69,143273,69433,59512,22712,132555,49420,26936,51,0
3,0,1449937,0,339,324015,208309,147126,115452,410797,262941,152490,51,0,0,1449937,0,248,324015,208309,147126,115452,410797,262941,152490,51,0,0,445940,0,83,143273,69433,59512,22712,132555,49420,26936,51,0,0,445940,0,53,143273,69433,59512,22712,132555,49420,26936,51,0,0,445940,0,466,143273,69433,59512,22712,132555,49420,26936,51,0,0,445940,0,-1431,143273,69433,59512,22712,132555,49420,26936,51,0,0,445940,0,1212,143273,69433,59512,22712,132555,49420,26936,51,0,0,445940,0,200,143273,69433,59512,22712,132555,49420,26936,51,0,0,445940,0,69,143273,69433,59512,22712,132555,49420,26936,51,0,0,445940,0,50,143273,69433,59512,22712,132555,49420,26936,51,0
3,0,1449937,0,248,324015,208309,147126,115452,410797,262941,152490,51,0,0,445940,0,83,143273,69433,59512,22712,132555,49420,26936,51,0,0,445940,0,53,143273,69433,59512,22712,132555,49420,26936,51,0,0,445940,0,466,143273,69433,59512,22712,132555,49420,26936,51,0,0,445940,0,-1431,143273,69433,59512,22712,132555,49420,26936,51,0,0,445940,0,1212,143273,69433,59512,22712,132555,49420,26936,51,0,0,445940,0,200,143273,69433,59512,22712,132555,49420,26936,51,0,0,445940,0,69,143273,69433,59512,22712,132555,49420,26936,51,0,0,445940,0,50,143273,69433,59512,22712,132555,49420,26936,51,0,0,445940,0,-1893,143273,69433,59512,22712,132555,49420,26936,51,0
3,0,445940,0,83,143273,69433,59512,22712,132555,49420,26936,51,0,0,445940,0,53,143273,69433,59512,22712,132555,49420,26936,51,0,0,445940,0,466,143273,69433,59512,22712,132555,49420,26936,51,0,0,445940,0,-1431,143273,69433,59512,22712,132555,49420,26936,51,0,0,445940,0,1212,143273,69433,59512,22712,132555,49420,26936,51,0,0,445940,0,200,143273,69433,59512,22712,132555,49420,26936,51,0,0,445940,0,69,143273,69433,59512,22712,132555,49420,26936,51,0,0,445940,0,50,143273,69433,59512,22712,132555,49420,26936,51,0,0,445940,0,-1893,143273,69433,59512,22712,132555,49420,26936,51,0,0,445940,0,810,143273,69433,59512,22712,132555,49420,26936,51,0
3,0,445940,0,53,143273,69433,59512,22712,132555,49420,26936,51,0,0,445940,0,466,143273,69433,59512,22712,132555,49420,26936,51,0,0,445940,0,-1431,143273,69433,59512,22712,132555,49420,26936,51,0,0,445940,0,1212,143273,69433,59512,22712,132555,49420,26936,51,0,0,445940,0,200,143273,69433,59512,22712,132555,49420,26936,51,0,0,445940,0,69,143273,69433,59512,22712,132555,49420,26936,51,0,0,445940,0,50,143273,69433,59512,22712,132555,49420,26936,51,0,0,445940,0,-1893,143273,69433,59512,22712,132555,49420,26936,51,0,0,445940,0,810,143273,69433,59512,22712,132555,49420,26936,51,0,0,1920726,0,139,1017177,177105,518234,407810,278191,100640,55537,51,0
3,0,445940,0,466,143273,69433,59512,22712,132555,49420,26936,51,0,0,445940,0,-1431,143273,69433,59512,22712,132555,49420,26936,51,0,0,445940,0,1212,143273,69433,59512,22712,132555,49420,26936,51,0,0,445940,0,200,143273,69433,59512,22712,132555,49420,26936,51,0,0,445940,0,69,143273,69433,59512,22712,132555,49420,26936,51,0,0,445940,0,50,143273,69433,59512,22712,132555,49420,26936,51,0,0,445940,0,-1893,143273,69433,59512,22712,132555,49420,26936,51,0,0,445940,0,810,143273,69433,59512,22712,132555,49420,26936,51,0,0,1920726,0,139,1017177,177105,518234,407810,278191,100640,55537,51,0,0,1920726,0,59,1017177,177105,518234,407810,278191,100640,55537,51,0
3,0,445940,0,-1431,143273,69433,59512,22712,132555,49420,26936,51,0,0,445940,0,1212,143273,69433,59512,22712,132555,49420,26936,51,0,0,445940,0,200,143273,69433,59512,22712,132555,49420,26936,51,0,0,445940,0,69,143273,69433,59512,22712,132555,49420,26936,51,0,0,445940,0,50,143273,69433,59512,22712,132555,49420,26936,51,0,0,445940,0,-1893,143273,69433,59512,22712,132555,49420,26936,51,0,0,445940,0,810,143273,69433,59512,22712,132555,49420,26936,51,0,0,1920726,0,139,1017177,177105,518234,407810,278191,100640,55537,51,0,0,1920726,0,59,1017177,177105,518234,407810,278191,100640,55537,51,0,0,1920726,0,48,1017177,177105,518234,407810,278191,100640,55537,51,0
3,0,445940,0,1212,143273,69433,59512,22712,132555,49420,26936,51,0,0,445940,0,200,143273,69433,59512,22712,132555,49420,26936,51,0,0,445940,0,69,143273,69433,59512,22712,132555,49420,26936,51,0,0,445940,0,50,143273,69433,59512,22712,132555,49420,26936,51,0,0,445940,0,-1893,143273,69433,59512,22712,132555,49420,26936,51,0,0,445940,0,810,143273,69433,59512,22712,132555,49420,26936,51,0,0,1920726,0,139,1017177,177105,518234,407810,278191,100640,55537,51,0,0,1920726,0,59,1017177,177105,518234,407810,278191,100640,55537,51,0,0,1920726,0,48,1017177,177105,518234,407810,278191,100640,55537,51,0,0,1920726,0,44,1017177,177105,518234,407810,278191,100640,55537,51,0
3,0,445940,0,200,143273,69433,59512,22712,132555,49420,26936,51,0,0,445940,0,69,143273,69433,59512,22712,132555,49420,26936,51,0,0,445940,0,50,143273,69433,59512,22712,132555,49420,26936,51,0,0,445940,0,-1893,143273,69433,59512,22712,132555,49420,26936,51,0,0,445940,0,810,143273,69433,59512,22712,132555,49420,26936,51,0,0,1920726,0,139,1017177,177105,518234,407810,278191,100640,55537,51,0,0,1920726,0,59,1017177,177105,518234,407810,278191,100640,55537,51,0,0,1920726,0,48,1017177,177105,518234,407810,278191,100640,55537,51,0,0,1920726,0,44,1017177,177105,518234,407810,278191,100640,55537,51,0,0,1920726,0,44,1017177,177105,518234,407810,278191,100640,55537,51,0
3,0,445940,0,69,143273,69433,59512,22712,132555,49420,26936,51,0,0,445940,0,50,143273,69433,59512,22712,132555,49420,26936,51,0,0,445940,0,-1893,143273,69433,59512,22712,132555,49420,26936,51,0,0,445940,0,810,143273,69433,59512,22712,132555,49420,26936,51,0,0,1920726,0,139,1017177,177105,518234,407810,278191,100640,55537,51,0,0,1920726,0,59,1017177,177105,518234,407810,278191,100640,55537,51,0,0,1920726,0,48,1017177,177105,518234,407810,278191,100640,55537,51,0,0,1920726,0,44,1017177,177105,518234,407810,278191,100640,55537,51,0,0,1920726,0,44,1017177,177105,518234,407810,278191,100640,55537,51,0,0,1920726,0,51,1017177,177105,518234,407810,278191,100640,55537,51,0
3,0,445940,0,50,143273,69433,59512,22712,132555,49420,26936,51,0,0,445940,0,-1893,143273,69433,59512,22712,132555,49420,26936,51,0,0,445940,0,810,143273,69433,59512,22712,132555,49420,26936,51,0,0,1920726,0,139,1017177,177105,518234,407810,278191,100640,55537,51,0,0,1920726,0,59,1017177,177105,518234,407810,278191,100640,55537,51,0,0,1920726,0,48,1017177,177105,518234,407810,278191,100640,55537,51,0,0,1920726,0,44,1017177,177105,518234,407810,278191,100640,55537,51,0,0,1920726,0,44,1017177,177105,518234,407810,278191,100640,55537,51,0,0,1920726,0,51,1017177,177105,518234,407810,278191,100640,55537,51,0,0,1920726,0,52,1017177,177105,518234,407810,278191,100640,55537,51,0
3,0,445940,0,-1893,143273,69433,59512,22712,132555,49420,26936,51,0,0,445940,0,810,143273,69433,59512,22712,132555,49420,26936,51,0,0,1920726,0,139,1017177,177105,518234,407810,278191,100640,55537,51,0,0,1920726,0,59,1017177,177105,518234,407810,278191,100640,55537,51,0,0,1920726,0,48,1017177,177105,518234,407810,278191,100640,55537,51,0,0,1920726,0,44,1017177,177105,518234,407810,278191,100640,55537,51,0,0,1920726,0,44,1017177,177105,518234,407810,278191,100640,55537,51,0,0,1920726,0,51,1017177,177105,518234,407810,278191,100640,55537,51,0,0,1920726,0,52,1017177,177105,518234,407810,278191,100640,55537,51,0,0,1920726,0,-7,1017177,177105,518234,407810,278191,100640,55537,51,0
3,0,445940,0,810,143273,69433,59512,22712,132555,49420,26936,51,0,0,1920726,0,139,1017177,177105,518234,407810,278191,100640,55537,51,0,0,1920726,0,59,1017177,177105,518234,407810,278191,100640,55537,51,0,0,1920726,0,48,1017177,177105,518234,407810,278191,100640,55537,51,0,0,1920726,0,44,1017177,177105,518234,407810,278191,100640,55537,51,0,0,1920726,0,44,1017177,177105,518234,407810,278191,100640,55537,51,0,0,1920726,0,51,1017177,177105,518234,407810,278191,100640,55537,51,0,0,1920726,0,52,1017177,177105,518234,407810,278191,100640,55537,51,0,0,1920726,0,-7,1017177,177105,518234,407810,278191,100640,55537,51,0,0,1920726,0,-888,1017177,177105,518234,407810,278191,100640,55537,51,0
3,0,1920726,0,139,1017177,177105,518234,407810,278191,100640,55537,51,0,0,1920726,0,59,1017177,177105,518234,407810,278191,100640,55537,51,0,0,1920726,0,48,1017177,177105,518234,407810,278191,100640,55537,51,0,0,1920726,0,44,1017177,177105,518234,407810,278191,100640,55537,51,0,0,1920726,0,44,1017177,177105,518234,407810,278191,100640,55537,51,0,0,1920726,0,51,1017177,177105,518234,407810,278191,100640,55537,51,0,0,1920726,0,52,1017177,177105,518234,407810,278191,100640,55537,51,0,0,1920726,0,-7,1017177,177105,518234,407810,278191,100640,55537,51,0,0,1920726,0,-888,1017177,177105,518234,407810,278191,100640,55537,51,0,0,1920726,0,2047,1017177,177105,518234,407810,278191,100640,55537,51,0
3,0,1920726,0,59,1017177,177105,518234,407810,278191,100640,55537,51,0,0,1920726,0,48,1017177,177105,518234,407810,278191,100640,55537,51,0,0,1920726,0,44,1017177,177105,518234,407810,278191,100640,55537,51,0,0,1920726,0,44,1017177,177105,518234,407810,278191,100640,55537,51,0,0,1920726,0,51,1017177,177105,518234,407810,278191,100640,55537,51,0,0,1920726,0,52,1017177,177105,518234,407810,278191,100640,55537,51,0,0,1920726,0,-7,1017177,177105,518234,407810,278191,100640,55537,51,0,0,1920726,0,-888,1017177,177105,518234,407810,278191,100640,55537,51,0,0,1920726,0,2047,1017177,177105,518234,407810,278191,100640,55537,51,0,0,144322,0,618,229094,114095,168363,209584,286010,149755,407421,51,0
3,0,1920726,0,48,1017177,177105,518234,407810,278191,100640,55537,51,0,0,1920726,0,44,1017177,177105,518234,407810,278191,100640,55537,51,0,0,1920726,0,44,1017177,177105,518234,407810,278191,100640,55537,51,0,0,1920726,0,51,1017177,177105,518234,407810,278191,100640,55537,51,0,0,1920726,0,52,1017177,177105,518234,407810,278191,100640,55537,51,0,0,1920726,0,-7,1017177,177105,518234,407810,278191,100640,55537,51,0,0,1920726,0,-888,1017177,177105,518234,407810,278191,100640,55537,51,0,0,1920726,0,2047,1017177,177105,518234,407810,278191,100640,55537,51,0,0,144322,0,618,229094,114095,168363,209584,286010,149755,407421,51,0,0,144322,0,134,229094,114095,168363,209584,286010,149755,407421,51,0
3,0,1920726,0,44,1017177,177105,518234,407810,278191,100640,55537,51,0,0,1920726,0,44,1017177,177105,518234,407810,278191,100640,55537,51,0,0,1920726,0,51,1017177,177105,518234,407810,278191,100640,55537,51,0,0,1920726,0,52,1017177,177105,518234,407810,278191,100640,55537,51,0,0,1920726,0,-7,1017177,177105,518234,407810,278191,100640,55537,51,0,0,1920726,0,-888,1017177,177105,518234,407810,278191,100640,55537,51,0,0,1920726,0,2047,1017177,177105,518234,407810,278191,100640,55537,51,0,0,144322,0,618,229094,114095,168363,209584,286010,149755,407421,51,0,0,144322,0,134,229094,114095,168363,209584,286010,149755,407421,51,0,0,144322,0,54,229094,114095,168363,209584,286010,149755,407421,51,0
3,0,1920726,0,44,1017177,177105,518234,407810,278191,100640,55537,51,0,0,1920726,0,51,1017177,177105,518234,407810,278191,100640,55537,51,0,0,1920726,0,52,1017177,177105,518234,407810,278191,100640,55537,51,0,0,1920726,0,-7,1017177,177105,518234,407810,278191,100640,55537,51,0,0,1920726,0,-888,1017177,177105,518234,407810,278191,100640,55537,51,0,0,1920726,0,2047,1017177,177105,518234,407810,278191,100640,55537,51,0,0,144322,0,618,229094,114095,168363,209584,286010,149755,407421,51,0,0,144322,0,134,229094,114095,168363,209584,286010,149755,407421,51,0,0,144322,0,54,229094,114095,168363,209584,286010,149755,407421,51,0,0,144322,0,45,229094,114095,168363,209584,286010,149755,407421,51,0
3,0,1920726,0,51,1017177,177105,518234,407810,278191,100640,55537,51,0,0,1920726,0,52,1017177,177105,518234,407810,278191,100640,55537,51,0,0,1920726,0,-7,1017177,177105,518234,407810,278191,100640,55537,51,0,0,1920726,0,-888,1017177,177105,518234,407810,278191,100640,55537,51,0,0,1920726,0,2047,1017177,177105,518234,407810,278191,100640,55537,51,0,0,144322,0,618,229094,114095,168363,209584,286010,149755,407421,51,0,0,144322,0,134,229094,114095,168363,209584,286010,149755,407421,51,0,0,144322,0,54,229094,114095,168363,209584,286010,149755,407421,51,0,0,144322,0,45,229094,114095,168363,209584,286010,149755,407421,51,0,0,144322,0,44,229094,114095,168363,209584,286010,149755,407421,51,0
3,0,1920726,0,52,1017177,177105,518234,407810,278191,100640,55537,51,0,0,1920726,0,-7,1017177,177105,518234,407810,278191,100640,55537,51,0,0,1920726,0,-888,1017177,177105,518234,407810,278191,100640,55537,51,0,0,1920726,0,2047,1017177,177105,518234,407810,278191,100640,55537,51,0,0,144322,0,618,229094,114095,168363,209584,286010,149755,407421,51,0,0,144322,0,134,229094,114095,168363,209584,286010,149755,407421,51,0,0,144322,0,54,229094,114095,168363,209584,286010,149755,407421,51,0,0,144322,0,45,229094,114095,168363,209584,286010,149755,407421,51,0,0,144322,0,44,229094,114095,168363,209584,286010,149755,407421,51,0,0,144322,0,44,229094,114095,168363,209584,286010,149755,407421,51,0
3,0,1920726,0,-7,1017177,177105,518234,407810,278191,100640,55537,51,0,0,1920726,0,-888,1017177,177105,518234,407810,278191,100640,55537,51,0,0,1920726,0,2047,1017177,177105,518234,407810,278191,100640,55537,51,0,0,144322,0,618,229094,114095,168363,209584,286010,149755,407421,51,0,0,144322,0,134,229094,114095,168363,209584,286010,149755,407421,51,0,0,144322,0,54,229094,114095,168363,209584,286010,149755,407421,51,0,0,144322,0,45,229094,114095,168363,209584,286010,149755,407421,51,0,0,144322,0,44,229094,114095,168363,209584,286010,149755,407421,51,0,0,144322,0,44,229094,114095,168363,209584,286010,149755,407421,51,0,0,144322,0,48,229094,114095,168363,209584,286010,149755,407421,51,0
3,0,1920726,0,-888,1017177,177105,518234,407810,278191,100640,55537,51,0,0,1920726,0,2047,1017177,177105,518234,407810,278191,100640,55537,51,0,0,144322,0,618,229094,114095,168363,209584,286010,149755,407421,51,0,0,144322,0,134,229094,114095,168363,209584,286010,149755,407421,51,0,0,144322,0,54,229094,114095,168363,209584,286010,149755,407421,51,0,0,144322,0,45,229094,114095,168363,209584,286010,149755,407421,51,0,0,144322,0,44,229094,114095,168363,209584,286010,149755,407421,51,0,0,144322,0,44,229094,114095,168363,209584,286010,149755,407421,51,0,0,144322,0,48,229094,114095,168363,209584,286010,149755,407421,51,0,0,144322,0,44,229094,114095,168363,209584,286010,149755,407421,51,0
3,0,1920726,0,2047,1017177,177105,518234,407810,278191,100640,55537,51,0,0,144322,0,618,229094,114095,168363,209584,286010,149755,407421,51,0,0,144322,0,134,229094,114095,168363,209584,286010,149755,407421,51,0,0,144322,0,54,229094,114095,168363,209584,286010,149755,407421,51,0,0,144322,0,45,229094,114095,168363,209584,286010,149755,407421,51,0,0,144322,0,44,229094,114095,168363,209584,286010,149755,407421,51,0,0,144322,0,44,229094,114095,168363,209584,286010,149755,407421,51,0,0,144322,0,48,229094,114095,168363,209584,286010,149755,407421,51,0,0,144322,0,44,229094,114095,168363,209584,286010,149755,407421,51,0,0,144322,0,49,229094,114095,168363,209584,286010,149755,407421,51,0
3,0,144322,0,618,229094,114095,168363,209584,286010,149755,407421,51,0,0,144322,0,134,229094,114095,168363,209584,286010,149755,407421,51,0,0,144322,0,54,229094,114095,168363,209584,286010,149755,407421,51,0,0,144322,0,45,229094,114095,168363,209584,286010,149755,407421,51,0,0,144322,0,44,229094,114095,168363,209584,286010,149755,407421,51,0,0,144322,0,44,229094,114095,168363,209584,286010,149755,407421,51,0,0,144322,0,48,229094,114095,168363,209584,286010,149755,407421,51,0,0,144322,0,44,229094,114095,168363,209584,286010,149755,407421,51,0,0,144322,0,49,229094,114095,168363,209584,286010,149755,407421,51,0,0,144322,0,48,229094,114095,168363,209584,286010,149755,407421,51,0
3,0,144322,0,134,229094,114095,168363,209584,286010,149755,407421,51,0,0,144322,0,54,229094,114095,168363,209584,286010,149755,407421,51,0,0,144322,0,45,229094,114095,168363,209584,286010,149755,407421,51,0,0,144322,0,44,229094,114095,168363,209584,286010,149755,407421,51,0,0,144322,0,44,229094,114095,168363,209584,286010,149755,407421,51,0,0,144322,0,48,229094,114095,168363,209584,286010,149755,407421,51,0,0,144322,0,44,229094,114095,168363,209584,286010,149755,407421,51,0,0,144322,0,49,229094,114095,168363,209584,286010,149755,407421,51,0,0,144322,0,48,229094,114095,168363,209584,286010,149755,407421,51,0,0,375865,0,2047,15545,2071,561,563,613,842,1407,78,0
3,0,144322,0,54,229094,114095,168363,209584,286010,149755,407421,51,0,0,144322,0,45,229094,114095,168363,209584,286010,149755,407421,51,0,0,144322,0,44,229094,114095,168363,209584,286010,149755,407421,51,0,0,144322,0,44,229094,114095,168363,209584,286010,149755,407421,51,0,0,144322,0,48,229094,114095,168363,209584,286010,149755,407421,51,0,0,144322,0,44,229094,114095,168363,209584,286010,149755,407421,51,0,0,144322,0,49,229094,114095,168363,209584,286010,149755,407421,51,0,0,144322,0,48,229094,114095,168363,209584,286010,149755,407421,51,0,0,375865,0,2047,15545,2071,561,563,613,842,1407,78,0,0,375865,0,489,15545,2071,561,563,613,842,1407,78,0
3,0,144322,0,45,229094,114095,168363,209584,286010,149755,407421,51,0,0,144322,0,44,229094,114095,168363,209584,286010,149755,407421,51,0,0,144322,0,44,229094,114095,168363,209584,286010,149755,407421,51,0,0,144322,0,48,229094,114095,168363,209584,286010,149755,407421,51,0,0,144322,0,44,229094,114095,168363,209584,286010,149755,407421,51,0,0,144322,0,49,229094,114095,168363,209584,286010,149755,407421,51,0,0,144322,0,48,229094,114095,168363,209584,286010,149755,407421,51,0,0,375865,0,2047,15545,2071,561,563,613,842,1407,78,0,0,375865,0,489,15545,2071,561,563,613,842,1407,78,0,0,375865,0,114,15545,2071,561,563,613,842,1407,78,0
3,0,144322,0,44,229094,114095,168363,209584,286010,149755,407421,51,0,0,144322,0,44,229094,114095,168363,209584,286010,149755,407421,51,0,0,144322,0,48,229094,114095,168363,209584,286010,149755,407421,51,0,0,144322,0,44,229094,114095,168363,209584,286010,149755,407421,51,0,0,144322,0,49,229094,114095,168363,209584,286010,149755,407421,51,0,0,144322,0,48,229094,114095,168363,209584,286010,149755,407421,51,0,0,375865,0,2047,15545,2071,561,563,613,842,1407,78,0,0,375865,0,489,15545,2071,561,563,613,842,1407,78,0,0,375865,0,114,15545,2071,561,563,613,842,1407,78,0,0,375865,0,52,15545,2071,561,563,613,842,1407,78,0
3,0,144322,0,44,229094,114095,168363,209584,286010,149755,407421,51,0,0,144322,0,48,229094,114095,168363,209584,286010,149755,407421,51,0,0,144322,0,44,229094,114095,168363,209584,286010,149755,407421,51,0,0,144322,0,49,229094,114095,168363,209584,286010,149755,407421,51,0,0,144322,0,48,229094,114095,168363,209584,286010,149755,407421,51,0,0,375865,0,2047,15545,2071,561,563,613,842,1407,78,0,0,375865,0,489,15545,2071,561,563,613,842,1407,78,0,0,375865,0,114,15545,2071,561,563,613,842,1407,78,0,0,375865,0,52,15545,2071,561,563,613,842,1407,78,0,0,375865,0,44,15545,2071,561,563,613,842,1407,78,0
3,0,144322,0,48,229094,114095,168363,209584,286010,149755,407421,51,0,0,144322,0,44,229094,114095,168363,209584,286010,149755,407421,51,0,0,144322,0,49,229094,114095,168363,209584,286010,149755,407421,51,0,0,144322,0,48,229094,114095,168363,209584,286010,149755,407421,51,0,0,375865,0,2047,15545,2071,561,563,613,842,1407,78,0,0,375865,0,489,15545,2071,561,563,613,842,1407,78,0,0,375865,0,114,15545,2071,561,563,613,842,1407,78,0,0,375865,0,52,15545,2071,561,563,613,842,1407,78,0,0,375865,0,44,15545,2071,561,563,613,842,1407,78,0,0,375865,0,44,15545,2071,561,563,613,842,1407,78,0
3,0,144322,0,44,229094,114095,168363,209584,286010,149755,407421,51,0,0,144322,0,49,229094,114095,168363,209584,286010,149755,407421,51,0,0,144322,0,48,229094,114095,168363,209584,286010,149755,407421,51,0,0,375865,0,2047,15545,2071,561,563,613,842,1407,78,0,0,375865,0,489,15545,2071,561,563,613,842,1407,78,0,0,375865,0,114,15545,2071,561,563,613,842,1407,78,0,0,375865,0,52,15545,2071,561,563,613,842,1407,78,0,0,375865,0,44,15545,2071,561,563,613,842,1407,78,0,0,375865,0,44,15545,2071,561,563,613,842,1407,78,0,0,375865,0,44,15545,2071,561,563,613,842,1407,78,0
3,0,144322,0,49,229094,114095,168363,209584,286010,149755,407421,51,0,0,144322,0,48,229094,114095,168363,209584,286010,149755,407421,51,0,0,375865,0,2047,15545,2071,561,563,613,842,1407,78,0,0,375865,0,489,15545,2071,561,563,613,842,1407,78,0,0,375865,0,114,15545,2071,561,563,613,842,1407,78,0,0,375865,0,52,15545,2071,561,563,613,842,1407,78,0,0,375865,0,44,15545,2071,561,563,613,842,1407,78,0,0,375865,0,44,15545,2071,561,563,613,842,1407,78,0,0,375865,0,44,15545,2071,561,563,613,842,1407,78,0,0,375865,0,-915,15545,2071,561,563,613,842,1407,78,0
3,0,144322,0,48,229094,114095,168363,209584,286010,149755,407421,51,0,0,375865,0,2047,15545,2071,561,563,613,842,1407,78,0,0,375865,0,489,15545,2071,561,563,613,842,1407,78,0,0,375865,0,114,15545,2071,561,563,613,842,1407,78,0,0,375865,0,52,15545,2071,561,563,613,842,1407,78,0,0,375865,0,44,15545,2071,561,563,613,842,1407,78,0,0,375865,0,44,15545,2071,561,563,613,842,1407,78,0,0,375865,0,44,15545,2071,561,563,613,842,1407,78,0,0,375865,0,-915,15545,2071,561,563,613,842,1407,78,0,0,375865,0,421,15545,2071,561,563,613,842,1407,78,0
3,0,375865,0,2047,15545,2071,561,563,613,842,1407,78,0,0,375865,0,489,15545,2071,561,563,613,842,1407,78,0,0,375865,0,114,15545,2071,561,563,613,842,1407,78,0,0,375865,0,52,15545,2071,561,563,613,842,1407,78,0,0,375865,0,44,15545,2071,561,563,613,842,1407,78,0,0,375865,0,44,15545,2071,561,563,613,842,1407,78,0,0,375865,0,44,15545,2071,561,563,613,842,1407,78,0,0,375865,0,-915,15545,2071,561,563,613,842,1407,78,0,0,375865,0,421,15545,2071,561,563,613,842,1407,78,0,0,375865,0,104,15545,2071,561,563,613,842,1407,78,0
3,0,375865,0,489,15545,2071,561,563,613,842,1407,78,0,0,375865,0,114,15545,2071,561,563,613,842,1407,78,0,0,375865,0,52,15545,2071,561,563,613,842,1407,78,0,0,375865,0,44,15545,2071,561,563,613,842,1407,78,0,0,375865,0,44,15545,2071,561,563,613,842,1407,78,0,0,375865,0,44,15545,2071,561,563,613,842,1407,78,0,0,375865,0,-915,15545,2071,561,563,613,842,1407,78,0,0,375865,0,421,15545,2071,561,563,613,842,1407,78,0,0,375865,0,104,15545,2071,561,563,613,842,1407,78,0,0,280712,0,128,79506,16549,39977,20196,9930,15991,53652,51,0
3,0,375865,0,114,15545,2071,561,563,613,842,1407,78,0,0,375865,0,52,15545,2071,561,563,613,842,1407,78,0,0,375865,0,44,15545,2071,561,563,613,842,1407,78,0,0,375865,0,44,15545,2071,561,563,613,842,1407,78,0,0,375865,0,44,15545,2071,561,563,613,842,1407,78,0,0,375865,0,-915,15545,2071,561,563,613,842,1407,78,0,0,375865,0,421,15545,2071,561,563,613,842,1407,78,0,0,375865,0,104,15545,2071,561,563,613,842,1407,78,0,0,280712,0,128,79506,16549,39977,20196,9930,15991,53652,51,0,0,280712,0,-2041,79506,16549,39977,20196,9930,15991,53652,51,0
3,0,375865,0,52,15545,2071,561,563,613,842,1407,78,0,0,375865,0,44,15545,2071,561,563,613,842,1407,78,0,0,375865,0,44,15545,2071,561,563,613,842,1407,78,0,0,375865,0,44,15545,2071,561,563,613,842,1407,78,0,0,375865,0,-915,15545,2071,561,563,613,842,1407,78,0,0,375865,0,421,15545,2071,561,563,613,842,1407,78,0,0,375865,0,104,15545,2071,561,563,613,842,1407,78,0,0,280712,0,128,79506,16549,39977,20196,9930,15991,53652,51,0,0,280712,0,-2041,79506,16549,39977,20196,9930,15991,53652,51,0,0,280712,0,374,79506,16549,39977,20196,9930,15991,53652,51,0
3,0,375865,0,44,15545,2071,561,563,613,842,1407,78,0,0,375865,0,44,15545,2071,561,563,613,842,1407,78,0,0,375865,0,44,15545,2071,561,563,613,842,1407,78,0,0,375865,0,-915,15545,2071,561,563,613,842,1407,78,0,0,375865,0,421,15545,2071,561,563,613,842,1407,78,0,0,375865,0,104,15545,2071,561,563,613,842,1407,78,0,0,280712,0,128,79506,16549,39977,20196,9930,15991,53652,51,0,0,280712,0,-2041,79506,16549,39977,20196,9930,15991,53652,51,0,0,280712,0,374,79506,16549,39977,20196,9930,15991,53652,51,0,0,280712,0,98,79506,16549,39977,20196,9930,15991,53652,51,0
3,0,375865,0,44,15545,2071,561,563,613,842,1407,78,0,0,375865,0,44,15545,2071,561,563,613,842,1407,78,0,0,375865,0,-915,15545,2071,561,563,613,842,1407,78,0,0,375865,0,421,15545,2071,561,563,613,842,1407,78,0,0,375865,0,104,15545,2071,561,563,613,842,1407,78,0,0,280712,0,128,79506,16549,39977,20196,9930,15991,53652,51,0,0,280712,0,-2041,79506,16549,39977,20196,9930,15991,53652,51,0,0,280712,0,374,79506,16549,39977,20196,9930,15991,53652,51,0,0,280712,0,98,79506,16549,39977,20196,9930,15991,53652,51,0,0,280712,0,53,79506,16549,39977,20196,9930,15991,53652,51,0
3,0,375865,0,44,15545,2071,561,563,613,842,1407,78,0,0,375865,0,-915,15545,2071,561,563,613,842,1407,78,0,0,375865,0,421,15545,2071,561,563,613,842,1407,78,0,0,375865,0,104,15545,2071,561,563,613,842,1407,78,0,0,280712,0,128,79506,16549,39977,20196,9930,15991,53652,51,0,0,280712,0,-2041,79506,16549,39977,20196,9930,15991,53652,51,0,0,280712,0,374,79506,16549,39977,20196,9930,15991,53652,51,0,0,280712,0,98,79506,16549,39977,20196,9930,15991,53652,51,0,0,280712,0,53,79506,16549,39977,20196,9930,15991,53652,51,0,0,280712,0,44,79506,16549,39977,20196,9930,15991,53652,51,0
3,0,375865,0,-915,15545,2071,561,563,613,842,1407,78,0,0,375865,0,421,15545,2071,561,563,613,842,1407,78,0,0,375865,0,104,15545,2071,561,563,613,842,1407,78,0,0,280712,0,128,79506,16549,39977,20196,9930,15991,53652,51,0,0,280712,0,-2041,79506,16549,39977,20196,9930,15991,53652,51,0,0,280712,0,374,79506,16549,39977,20196,9930,15991,53652,51,0,0,280712,0,98,79506,16549,39977,20196,9930,15991,53652,51,0,0,280712,0,53,79506,16549,39977,20196,9930,15991,53652,51,0,0,280712,0,44,79506,16549,39977,20196,9930,15991,53652,51,0,0,280712,0,44,79506,16549,39977,20196,9930,15991,53652,51,0
3,0,375865,0,421,15545,2071,561,563,613,842,1407,78,0,0,375865,0,104,15545,2071,561,563,613,842,1407,78,0,0,280712,0,128,79506,16549,39977,20196,9930,15991,53652,51,0,0,280712,0,-2041,79506,16549,39977,20196,9930,15991,53652,51,0,0,280712,0,374,79506,16549,39977,20196,9930,15991,53652,51,0,0,280712,0,98,79506,16549,39977,20196,9930,15991,53652,51,0,0,280712,0,53,79506,16549,39977,20196,9930,15991,53652,51,0,0,280712,0,44,79506,16549,39977,20196,9930,15991,53652,51,0,0,280712,0,44,79506,16549,39977,20196,9930,15991,53652,51,0,0,280712,0,-2048,79506,16549,39977,20196,9930,15991,53652,51,0
3,0,375865,0,104,15545,2071,561,563,613,842,1407,78,0,0,280712,0,128,79506,16549,39977,20196,9930,15991,53652,51,0,0,280712,0,-2041,79506,16549,39977,20196,9930,15991,53652,51,0,0,280712,0,374,79506,16549,39977,20196,9930,15991,53652,51,0,0,280712,0,98,79506,16549,39977,20196,9930,15991,53652,51,0,0,280712,0,53,79506,16549,39977,20196,9930,15991,53652,51,0,0,280712,0,44,79506,16549,39977,20196,9930,15991,53652,51,0,0,280712,0,44,79506,16549,39977,20196,9930,15991,53652,51,0,0,280712,0,-2048,79506,16549,39977,20196,9930,15991,53652,51,0,0,280712,0,2047,79506,16549,39977,20196,9930,15991,53652,51,0
3,0,280712,0,128,79506,16549,39977,20196,9930,15991,53652,51,0,0,280712,0,-2041,79506,16549,39977,20196,9930,15991,53652,51,0,0,280712,0,374,79506,16549,39977,20196,9930,15991,53652,51,0,0,280712,0,98,79506,16549,39977,20196,9930,15991,53652,51,0,0,280712,0,53,79506,16549,39977,20196,9930,15991,53652,51,0,0,280712,0,44,79506,16549,39977,20196,9930,15991,53652,51,0,0,280712,0,44,79506,16549,39977,20196,9930,15991,53652,51,0,0,280712,0,-2048,79506,16549,39977,20196,9930,15991,53652,51,0,0,280712,0,2047,79506,16549,39977,20196,9930,15991,53652,51,0,0,280712,0,565,79506,16549,39977,20196,9930,15991,53652,51,0
3,0,280712,0,-2041,79506,16549,39977,20196,9930,15991,53652,51,0,0,280712,0,374,79506,16549,39977,20196,9930,15991,53652,51,0,0,280712,0,98,79506,16549,39977,20196,9930,15991,53652,51,0,0,280712,0,53,79506,16549,39977,20196,9930,15991,53652,51,0,0,280712,0,44,79506,16549,39977,20196,9930,15991,53652,51,0,0,280712,0,44,79506,16549,39977,20196,9930,15991,53652,51,0,0,280712,0,-2048,79506,16549,39977,20196,9930,15991,53652,51,0,0,280712,0,2047,79506,16549,39977,20196,9930,15991,53652,51,0,0,280712,0,565,79506,16549,39977,20196,9930,15991,53652,51,0,0,3638954,0,137,2295073,250761,61507,54383,378843,268002,306371,51,0
3,0,280712,0,374,79506,16549,39977,20196,9930,15991,53652,51,0,0,280712,0,98,79506,16549,39977,20196,9930,15991,53652,51,0,0,280712,0,53,79506,16549,39977,20196,9930,15991,53652,51,0,0,280712,0,44,79506,16549,39977,20196,9930,15991,53652,51,0,0,280712,0,44,79506,16549,39977,20196,9930,15991,53652,51,0,0,280712,0,-2048,79506,16549,39977,20196,9930,15991,53652,51,0,0,280712,0,2047,79506,16549,39977,20196,9930,15991,53652,51,0,0,280712,0,565,79506,16549,39977,20196,9930,15991,53652,51,0,0,3638954,0,137,2295073,250761,61507,54383,378843,268002,306371,51,0,0,3638954,0,60,2295073,250761,61507,54383,378843,268002,306371,51,0
3,0,280712,0,98,79506,16549,39977,20196,9930,15991,53652,51,0,0,280712,0,53,79506,16549,39977,20196,9930,15991,53652,51,0,0,280712,0,44,79506,16549,39977,20196,9930,15991,53652,51,0,0,280712,0,44,79506,16549,39977,20196,9930,15991,53652,51,0,0,280712,0,-2048,79506,16549,39977,20196,9930,15991,53652,51,0,0,280712,0,2047,79506,16549,39977,20196,9930,15991,53652,51,0,0,280712,0,565,79506,16549,39977,20196,9930,15991,53652,51,0,0,3638954,0,137,2295073,250761,61507,54383,378843,268002,306371,51,0,0,3638954,0,60,2295073,250761,61507,54383,378843,268002,306371,51,0,0,3638954,0,1399,2295073,250761,61507,54383,378843,268002,306371,51,0
3,0,280712,0,53,79506,16549,39977,20196,9930,15991,53652,51,0,0,280712,0,44,79506,16549,39977,20196,9930,15991,53652,51,0,0,280712,0,44,79506,16549,39977,20196,9930,15991,53652,51,0,0,280712,0,-2048,79506,16549,39977,20196,9930,15991,53652,51,0,0,280712,0,2047,79506,16549,39977,20196,9930,15991,53652,51,0,0,280712,0,565,79506,16549,39977,20196,9930,15991,53652,51,0,0,3638954,0,137,2295073,250761,61507,54383,378843,268002,306371,51,0,0,3638954,0,60,2295073,250761,61507,54383,378843,268002,306371,51,0,0,3638954,0,1399,2295073,250761,61507,54383,378843,268002,306371,51,0,0,3638954,0,195,2295073,250761,61507,54383,378843,268002,306371,51,0
3,0,280712,0,44,79506,16549,39977,20196,9930,15991,53652,51,0,0,280712,0,44,79506,16549,39977,20196,9930,15991,53652,51,0,0,280712,0,-2048,79506,16549,39977,20196,9930,15991,53652,51,0,0,280712,0,2047,79506,16549,39977,20196,9930,15991,53652,51,0,0,280712,0,565,79506,16549,39977,20196,9930,15991,53652,51,0,0,3638954,0,137,2295073,250761,61507,54383,378843,268002,306371,51,0,0,3638954,0,60,2295073,250761,61507,54383,378843,268002,306371,51,0,0,3638954,0,1399,2295073,250761,61507,54383,378843,268002,306371,51,0,0,3638954,0,195,2295073,250761,61507,54383,378843,268002,306371,51,0,0,3638954,0,68,2295073,250761,61507,54383,378843,268002,306371,51,0
3,0,280712,0,44,79506,16549,39977,20196,9930,15991,53652,51,0,0,280712,0,-2048,79506,16549,39977,20196,9930,15991,53652,51,0,0,280712,0,2047,79506,16549,39977,20196,9930,15991,53652,51,0,0,280712,0,565,79506,16549,39977,20196,9930,15991,53652,51,0,0,3638954,0,137,2295073,250761,61507,54383,378843,268002,306371,51,0,0,3638954,0,60,2295073,250761,61507,54383,378843,268002,306371,51,0,0,3638954,0,1399,2295073,250761,61507,54383,378843,268002,306371,51,0,0,3638954,0,195,2295073,250761,61507,54383,378843,268002,306371,51,0,0,3638954,0,68,2295073,250761,61507,54383,378843,268002,306371,51,0,0,3638954,0,49,2295073,250761,61507,54383,378843,268002,306371,51,0
3,0,280712,0,-2048,79506,16549,39977,20196,9930,15991,53652,51,0,0,280712,0,2047,79506,16549,39977,20196,9930,15991,53652,51,0,0,280712,0,565,79506,16549,39977,20196,9930,15991,53652,51,0,0,3638954,0,137,2295073,250761,61507,54383,378843,268002,306371,51,0,0,3638954,0,60,2295073,250761,61507,54383,378843,268002,306371,51,0,0,3638954,0,1399,2295073,250761,61507,54383,378843,268002,306371,51,0,0,3638954,0,195,2295073,250761,61507,54383,378843,268002,306371,51,0,0,3638954,0,68,2295073,250761,61507,54383,378843,268002,306371,51,0,0,3638954,0,49,2295073,250761,61507,54383,378843,268002,306371,51,0,0,3638954,0,153,2295073,250761,61507,54383,378843,268002,306371,51,0
3,0,280712,0,2047,79506,16549,39977,20196,9930,15991,53652,51,0,0,280712,0,565,79506,16549,39977,20196,9930,15991,53652,51,0,0,3638954,0,137,2295073,250761,61507,54383,378843,268002,306371,51,0,0,3638954,0,60,2295073,250761,61507,54383,378843,268002,306371,51,0,0,3638954,0,1399,2295073,250761,61507,54383,378843,268002,306371,51,0,0,3638954,0,195,2295073,250761,61507,54383,378843,268002,306371,51,0,0,3638954,0,68,2295073,250761,61507,54383,378843,268002,306371,51,0,0,3638954,0,49,2295073,250761,61507,54383,378843,268002,306371,51,0,0,3638954,0,153,2295073,250761,61507,54383,378843,268002,306371,51,0,0,3638954,0,-894,2295073,250761,61507,54383,378843,268002,306371,51,0
3,0,280712,0,565,79506,16549,39977,20196,9930,15991,53652,51,0,0,3638954,0,137,2295073,250761,61507,54383,378843,268002,306371,51,0,0,3638954,0,60,2295073,250761,61507,54383,378843,268002,306371,51,0,0,3638954,0,1399,2295073,250761,61507,54383,378843,268002,306371,51,0,0,3638954,0,195,2295073,250761,61507,54383,378843,268002,306371,51,0,0,3638954,0,68,2295073,250761,61507,54383,378843,268002,306371,51,0,0,3638954,0,49,2295073,250761,61507,54383,378843,268002,306371,51,0,0,3638954,0,153,2295073,250761,61507,54383,378843,268002,306371,51,0,0,3638954,0,-894,2295073,250761,61507,54383,378843,268002,306371,51,0,0,3638954,0,-84,2295073,250761,61507,54383,378843,268002,306371,51,0
